16.0,10.0,5.0,2.0,3.0,52.89,13.4,5.4,1.6,16.0,10.0,5.0,4.0,1.0,36.71,13.3,5.1,1.9,3
18.0,11.0,6.0,2.0,2.0,52.44,14.0,5.2,1.5,11.0,27.0,2.0,6.0,2.0,54.6,12.5,4.2,2.0,3
20.0,11.0,7.0,1.0,2.0,51.78,14.0,5.5,1.6,9.0,26.0,0.0,8.0,2.0,39.7,13.8,5.4,1.8,2
17.0,12.0,6.0,1.0,3.0,51.44,14.8,5.2,1.7,19.0,14.0,5.0,2.0,3.0,51.8,11.2,6.1,2.3,3
16.0,13.0,5.0,2.0,3.0,49.56,14.0,4.9,1.5,17.0,16.0,5.0,4.0,1.0,47.89,9.5,3.9,1.2,2
16.0,13.0,5.0,2.0,3.0,49.6,14.1,5.4,1.4,21.0,13.0,6.0,3.0,1.0,41.5,14.1,3.9,1.5,3
14.0,13.0,5.0,2.0,3.0,49.8,14.6,5.0,1.4,13.0,21.0,3.0,4.0,3.0,50.3,12.0,5.4,1.4,0
13.0,11.0,4.0,2.0,4.0,47.8,14.4,4.2,1.8,14.0,14.0,5.0,4.0,1.0,50.4,12.9,4.7,0.8,3
13.0,11.0,4.0,2.0,4.0,47.3,15.0,4.1,2.3,11.0,20.0,3.0,5.0,2.0,51.2,11.7,4.9,1.1,4
16.0,7.0,5.0,1.0,4.0,53.9,12.4,6.9,2.2,18.0,18.0,3.0,3.0,4.0,59.8,8.4,7.0,1.0,0
15.0,7.0,4.0,1.0,5.0,52.5,12.9,7.0,2.5,20.0,12.0,6.0,2.0,2.0,50.4,13.0,3.6,0.7,3
14.0,8.0,4.0,1.0,5.0,51.8,14.1,6.6,2.7,18.0,20.0,4.0,3.0,3.0,56.7,11.2,7.2,2.1,4
13.0,11.0,3.0,2.0,5.0,50.3,12.9,6.4,2.2,9.0,5.0,6.0,3.0,1.0,42.1,14.1,5.0,2.5,2
13.0,12.0,3.0,2.0,5.0,49.3,12.8,5.4,2.2,15.0,18.0,1.0,3.0,6.0,48.2,10.7,5.4,2.1,4
13.0,13.0,3.0,2.0,5.0,48.1,13.0,5.3,2.1,11.0,21.0,3.0,6.0,1.0,59.4,11.2,4.6,2.0,2
13.0,13.0,3.0,2.0,5.0,44.0,13.2,5.1,2.0,23.0,11.0,5.0,3.0,2.0,59.0,9.5,5.8,1.1,3
14.0,11.0,4.0,2.0,4.0,43.6,12.3,5.8,1.9,9.0,13.0,2.0,4.0,4.0,44.3,12.6,3.5,1.2,4
16.0,13.0,4.0,2.0,4.0,45.2,11.4,5.2,2.0,11.0,17.0,3.0,5.0,2.0,46.6,10.3,5.2,2.0,4
22.0,16.0,6.0,2.0,2.0,44.11,11.9,4.5,1.6,11.0,13.0,3.0,4.0,3.0,45.4,11.7,4.4,1.3,2
22.0,15.0,6.0,2.0,2.0,45.11,10.1,4.7,1.1,13.0,13.0,3.0,4.0,3.0,38.67,10.2,5.1,1.3,2
21.0,14.0,6.0,2.0,2.0,47.0,10.4,4.6,1.0,20.0,19.0,6.0,4.0,0.0,60.78,10.0,5.5,1.5,4
24.0,15.0,6.0,1.0,3.0,47.0,9.9,4.5,1.0,8.0,10.0,2.0,4.0,4.0,46.12,12.6,5.8,1.9,4
19.0,13.0,4.0,3.0,3.0,49.8,12.5,5.4,1.2,17.0,10.0,6.0,4.0,0.0,45.14,14.0,5.6,1.8,3
15.0,10.0,4.0,2.0,4.0,51.3,13.6,6.0,1.1,16.0,15.0,3.0,3.0,4.0,51.9,12.2,5.5,2.2,2
13.0,11.0,3.0,2.0,5.0,50.5,14.1,5.9,1.5,9.0,14.0,3.0,5.0,2.0,46.6,13.6,4.1,1.7,2
14.0,12.0,3.0,2.0,5.0,51.3,14.7,5.7,2.1,16.0,19.0,3.0,5.0,2.0,49.2,16.8,3.9,2.4,2
12.0,12.0,2.0,2.0,6.0,51.4,14.2,5.8,2.0,11.0,19.0,2.0,6.0,2.0,47.0,16.0,3.3,1.9,2
10.0,8.0,3.0,2.0,5.0,50.7,15.3,5.0,1.6,16.0,14.0,6.0,4.0,0.0,52.3,13.1,5.1,2.6,4
12.0,12.0,3.0,3.0,4.0,51.7,15.9,4.5,1.6,17.0,18.0,1.0,3.0,6.0,50.4,14.2,7.2,3.0,1
11.0,11.0,3.0,3.0,4.0,53.67,16.9,5.2,2.2,15.0,19.0,4.0,5.0,1.0,49.4,12.6,5.0,2.2,4
11.0,14.0,3.0,4.0,3.0,54.67,16.2,5.9,2.0,21.0,14.0,5.0,1.0,4.0,55.4,13.3,6.9,2.9,1
12.0,12.0,4.0,3.0,3.0,53.44,15.7,5.9,1.9,8.0,11.0,3.0,4.0,3.0,45.4,16.8,4.0,2.1,0
10.0,11.0,3.0,3.0,4.0,53.89,15.3,5.8,1.7,17.0,9.0,4.0,1.0,5.0,50.6,14.8,7.1,1.5,3
11.0,11.0,4.0,3.0,3.0,52.89,16.0,5.6,1.8,8.0,17.0,3.0,6.0,1.0,51.3,15.0,5.2,3.0,4
13.0,12.0,5.0,3.0,2.0,52.78,15.9,5.4,1.9,25.0,6.0,8.0,2.0,0.0,52.89,12.4,5.4,2.3,2
12.0,13.0,4.0,3.0,3.0,52.11,16.0,5.1,2.0,25.0,12.0,6.0,0.0,4.0,54.44,14.1,5.4,2.1,1
12.0,9.0,5.0,2.0,3.0,48.78,13.5,4.4,2.1,23.0,9.0,8.0,1.0,1.0,56.4,13.1,6.6,1.8,0
10.0,9.0,4.0,3.0,3.0,48.0,13.4,4.1,2.0,6.0,21.0,1.0,9.0,0.0,49.3,16.6,4.2,1.6,4
15.0,14.0,4.0,3.0,3.0,48.1,14.0,4.1,2.0,17.0,13.0,4.0,3.0,3.0,56.0,11.5,6.8,1.7,1
14.0,13.0,4.0,3.0,3.0,47.6,14.1,4.0,1.7,10.0,16.0,4.0,5.0,1.0,47.9,12.8,5.2,2.7,1
12.0,11.0,4.0,4.0,2.0,48.2,14.3,5.1,2.0,10.0,17.0,3.0,6.0,1.0,54.8,15.0,5.9,1.9,2
13.0,11.0,4.0,3.0,3.0,49.1,15.7,5.4,1.9,13.0,12.0,3.0,3.0,4.0,49.5,18.7,5.5,2.6,2
11.0,13.0,3.0,4.0,3.0,49.4,16.8,5.1,2.0,18.0,8.0,6.0,1.0,3.0,51.0,15.2,4.7,1.6,4
14.0,15.0,4.0,4.0,2.0,50.1,16.5,5.3,2.3,15.0,11.0,6.0,3.0,1.0,48.1,18.6,4.1,2.2,2
15.0,12.0,5.0,3.0,2.0,48.9,16.6,5.5,2.3,14.0,9.0,5.0,3.0,2.0,49.9,11.4,4.7,2.3,4
17.0,15.0,5.0,3.0,2.0,47.6,16.5,4.8,2.0,13.0,12.0,5.0,5.0,0.0,50.4,13.4,5.8,4.2,4
16.0,13.0,5.0,3.0,2.0,48.1,16.4,5.1,1.7,13.0,16.0,4.0,5.0,1.0,47.1,13.6,5.4,2.3,4
18.0,16.0,4.0,3.0,3.0,50.0,16.8,5.4,1.8,14.0,7.0,4.0,2.0,4.0,54.1,11.9,5.2,0.8,4
19.0,19.0,4.0,3.0,3.0,49.0,16.7,5.2,1.7,6.0,16.0,1.0,6.0,3.0,49.7,15.6,5.7,2.1,1
27.0,13.0,5.0,2.0,3.0,50.6,16.7,6.0,2.4,10.0,17.0,4.0,6.0,0.0,53.6,13.4,6.6,2.1,4
26.0,13.0,5.0,3.0,2.0,51.3,18.1,6.6,2.6,9.0,11.0,3.0,4.0,3.0,46.6,16.7,3.2,1.7,1
23.0,11.0,5.0,4.0,1.0,51.6,18.2,6.4,2.6,18.0,14.0,4.0,3.0,3.0,50.9,12.5,4.0,2.9,1
25.0,8.0,5.0,4.0,1.0,52.8,19.3,5.6,2.6,13.0,23.0,2.0,5.0,3.0,42.8,15.6,5.0,2.0,4
25.0,10.0,5.0,4.0,1.0,53.4,19.0,5.5,2.7,14.0,6.0,5.0,2.0,3.0,55.8,12.5,5.9,1.8,2
23.0,10.0,6.0,4.0,0.0,54.0,20.0,5.5,2.4,8.0,7.0,4.0,3.0,3.0,50.4,13.5,5.9,2.5,3
23.0,11.0,6.0,4.0,0.0,54.4,19.5,5.4,2.3,13.0,19.0,4.0,4.0,2.0,48.0,9.4,5.5,2.6,2
20.0,11.0,6.0,3.0,1.0,53.7,19.4,5.0,1.9,10.0,18.0,1.0,5.0,4.0,50.0,11.3,5.9,1.1,3
20.0,10.0,6.0,3.0,1.0,53.7,20.0,4.4,2.3,21.0,8.0,6.0,3.0,1.0,59.2,14.1,5.7,2.4,3
20.0,11.0,6.0,2.0,2.0,51.9,17.9,5.3,2.3,8.0,24.0,1.0,9.0,0.0,46.4,17.4,4.4,2.0,3
18.0,12.0,6.0,2.0,2.0,52.2,18.7,5.5,2.6,8.0,8.0,3.0,3.0,4.0,47.1,19.4,4.2,2.0,3
18.0,10.0,6.0,2.0,2.0,52.8,18.2,6.1,2.4,12.0,13.0,3.0,3.0,4.0,55.0,14.2,5.3,2.4,4
18.0,12.0,5.0,2.0,3.0,52.2,17.2,5.7,2.8,15.0,10.0,3.0,1.0,6.0,49.2,14.2,5.9,2.8,3
19.0,11.0,5.0,2.0,3.0,52.5,17.9,6.6,2.6,14.0,10.0,5.0,2.0,3.0,53.9,11.9,5.3,3.4,4
20.0,12.0,5.0,2.0,3.0,51.4,17.9,6.8,2.6,11.0,11.0,2.0,3.0,5.0,50.2,14.5,5.1,3.9,4
19.0,11.0,5.0,2.0,3.0,51.6,17.0,6.5,2.3,17.0,12.0,4.0,2.0,4.0,53.5,14.1,5.9,2.3,1
18.0,10.0,5.0,2.0,3.0,53.0,15.6,6.6,2.0,13.0,9.0,4.0,3.0,3.0,51.3,12.6,6.1,2.5,1
20.0,9.0,6.0,2.0,2.0,52.4,15.7,5.6,1.8,11.0,16.0,2.0,5.0,3.0,51.5,15.1,7.5,2.2,1
17.0,10.0,5.0,3.0,2.0,50.8,17.3,5.0,1.7,10.0,16.0,2.0,4.0,4.0,43.6,14.6,4.0,2.6,1
16.0,9.0,5.0,3.0,2.0,50.4,16.7,4.9,1.5,22.0,17.0,4.0,2.0,4.0,47.8,16.0,4.4,2.6,3
15.0,10.0,5.0,3.0,2.0,50.4,17.1,4.5,1.8,14.0,17.0,2.0,4.0,4.0,47.4,15.6,5.7,1.5,3
16.0,8.0,6.0,3.0,1.0,52.3,17.4,4.8,1.9,17.0,7.0,8.0,2.0,0.0,51.7,13.2,5.0,3.0,2
14.0,9.0,5.0,3.0,2.0,52.1,17.0,4.4,1.9,17.0,8.0,6.0,0.0,4.0,48.5,13.7,4.2,4.2,4
16.0,7.0,6.0,3.0,1.0,52.5,17.0,4.2,2.1,19.0,13.0,5.0,2.0,3.0,43.0,15.8,3.2,2.5,2
15.0,6.0,6.0,3.0,1.0,52.4,16.8,4.7,2.4,13.0,24.0,3.0,5.0,2.0,41.2,15.3,4.1,2.5,2
19.0,6.0,7.0,2.0,1.0,52.4,17.0,5.0,2.4,10.0,9.0,3.0,3.0,4.0,53.7,13.5,5.5,2.0,1
19.0,4.0,8.0,1.0,1.0,52.1,16.6,5.0,2.5,13.0,9.0,3.0,2.0,5.0,50.3,13.1,5.6,1.5,4
23.0,3.0,9.0,0.0,1.0,52.6,16.6,4.8,3.2,14.0,4.0,7.0,2.0,1.0,53.3,13.7,5.5,2.6,2
21.0,5.0,7.0,1.0,2.0,53.4,16.5,5.7,2.8,7.0,11.0,3.0,3.0,4.0,41.3,17.7,3.6,1.7,4
22.0,5.0,7.0,1.0,2.0,53.9,15.8,6.3,2.3,11.0,13.0,1.0,3.0,6.0,45.5,17.2,4.3,2.2,2
22.0,5.0,7.0,1.0,2.0,53.2,16.5,6.0,2.6,11.0,10.0,3.0,3.0,4.0,54.8,13.6,6.2,2.4,3
19.0,7.0,6.0,2.0,2.0,52.0,16.6,6.5,2.4,13.0,10.0,4.0,3.0,3.0,48.0,13.6,5.7,1.8,1
18.0,7.0,6.0,2.0,2.0,52.0,17.0,6.5,2.2,13.0,10.0,5.0,3.0,2.0,54.7,13.7,6.3,1.5,3
17.0,9.0,5.0,3.0,2.0,52.4,17.6,5.7,2.2,21.0,17.0,4.0,3.0,3.0,57.9,12.8,8.3,2.2,4
23.0,13.0,4.0,4.0,2.0,53.0,15.0,8.1,1.9,12.0,17.0,3.0,5.0,2.0,47.8,12.9,4.2,1.8,3
22.0,15.0,4.0,5.0,1.0,52.8,15.1,7.7,2.0,14.0,15.0,4.0,3.0,3.0,46.7,13.5,3.9,2.3,2
18.0,16.0,4.0,6.0,0.0,52.1,13.8,6.7,1.8,10.0,10.0,3.0,3.0,4.0,50.5,15.0,4.6,2.7,3
17.0,20.0,4.0,6.0,0.0,54.6,13.3,7.1,1.8,13.0,15.0,4.0,5.0,1.0,46.6,15.0,6.1,1.2,2
7.0,18.0,3.0,6.0,1.0,54.4,14.1,5.4,1.7,18.0,19.0,2.0,5.0,3.0,53.6,12.6,4.9,2.4,4
7.0,22.0,3.0,6.0,1.0,52.0,13.9,4.6,1.9,8.0,11.0,3.0,6.0,1.0,52.7,18.6,4.1,2.5,2
8.0,19.0,4.0,5.0,1.0,52.9,14.7,5.1,1.8,12.0,15.0,1.0,4.0,5.0,44.6,14.5,4.3,2.0,3
14.0,17.0,6.0,3.0,1.0,55.7,15.4,6.5,2.9,16.0,11.0,5.0,1.0,4.0,48.4,14.9,4.9,1.3,3
16.0,16.0,6.0,3.0,1.0,54.7,15.3,6.2,3.2,22.0,10.0,6.0,2.0,2.0,49.5,16.0,5.7,2.2,3
19.0,12.0,7.0,2.0,1.0,53.6,15.4,5.4,3.2,14.0,10.0,5.0,3.0,2.0,48.7,15.6,6.1,1.3,3
18.0,14.0,6.0,3.0,1.0,52.7,15.1,5.4,3.6,13.0,13.0,5.0,4.0,1.0,53.5,15.5,6.0,2.3,4
20.0,11.0,7.0,3.0,0.0,54.3,14.9,5.9,3.9,27.0,18.0,6.0,3.0,1.0,54.7,12.8,6.2,2.2,2
18.0,13.0,6.0,4.0,0.0,53.1,14.1,5.5,4.3,10.0,16.0,2.0,6.0,2.0,47.8,14.7,4.2,2.6,2
17.0,12.0,5.0,4.0,1.0,51.9,14.5,6.2,3.4,11.0,13.0,4.0,4.0,2.0,49.7,14.0,4.2,1.8,1
15.0,13.0,4.0,5.0,1.0,51.7,14.8,6.1,4.0,13.0,4.0,6.0,1.0,3.0,52.6,14.1,6.6,2.1,2
12.0,13.0,3.0,5.0,2.0,52.8,14.6,5.8,3.4,10.0,18.0,1.0,6.0,3.0,50.6,15.6,5.1,2.7,2
10.0,14.0,2.0,5.0,3.0,53.6,15.0,6.5,3.4,12.0,17.0,4.0,4.0,2.0,48.0,14.0,5.3,3.5,3
11.0,13.0,3.0,4.0,3.0,54.8,15.4,7.1,3.3,18.0,3.0,8.0,1.0,1.0,51.1,11.4,4.2,2.3,3
10.0,11.0,3.0,3.0,4.0,54.7,16.3,7.4,2.8,17.0,10.0,5.0,2.0,3.0,57.1,15.6,5.4,2.1,4
13.0,10.0,4.0,2.0,4.0,54.1,17.7,7.0,2.6,14.0,11.0,5.0,4.0,1.0,45.7,16.3,3.8,3.0,4
14.0,11.0,4.0,2.0,4.0,54.3,17.6,6.7,2.9,25.0,5.0,9.0,1.0,0.0,53.1,14.5,4.4,2.0,1
15.0,11.0,4.0,2.0,4.0,54.9,17.4,5.8,2.2,12.0,23.0,4.0,6.0,0.0,49.1,12.8,4.7,2.5,0
15.0,9.0,4.0,1.0,5.0,54.5,17.5,5.7,2.4,30.0,11.0,8.0,1.0,1.0,57.3,12.6,5.6,2.5,2
14.0,10.0,4.0,2.0,4.0,54.5,18.2,5.9,2.4,10.0,11.0,2.0,6.0,2.0,49.9,15.0,5.8,2.4,0
13.0,9.0,4.0,2.0,4.0,53.6,18.2,6.1,2.6,9.0,15.0,1.0,3.0,6.0,47.1,16.3,4.8,1.3,4
15.0,10.0,3.0,2.0,5.0,54.4,15.0,6.5,2.5,12.0,16.0,2.0,3.0,5.0,51.3,14.4,6.7,2.5,2
13.0,10.0,3.0,3.0,4.0,54.1,14.9,6.4,2.7,11.0,12.0,2.0,4.0,4.0,51.5,18.4,5.7,2.1,2
11.0,10.0,2.0,2.0,6.0,53.3,14.0,6.6,2.7,6.0,12.0,0.0,4.0,6.0,48.5,18.5,4.5,2.5,2
13.0,11.0,3.0,2.0,5.0,55.0,12.1,7.3,2.5,16.0,5.0,6.0,1.0,3.0,54.2,13.2,5.1,2.8,2
14.0,12.0,3.0,2.0,5.0,54.1,12.8,6.8,2.5,22.0,10.0,7.0,2.0,1.0,52.7,13.4,6.0,1.6,4
10.0,14.0,2.0,3.0,5.0,52.5,13.3,6.9,2.4,6.0,20.0,0.0,6.0,4.0,44.9,14.5,4.9,3.1,3
12.0,13.0,3.0,3.0,4.0,53.7,13.3,6.8,2.2,8.0,12.0,1.0,5.0,4.0,53.7,13.8,5.6,2.1,2
14.0,13.0,4.0,3.0,3.0,52.4,13.3,6.7,2.2,19.0,4.0,8.0,0.0,2.0,51.9,14.3,5.0,3.1,3
11.0,15.0,3.0,4.0,3.0,52.0,12.8,6.0,1.9,10.0,7.0,3.0,3.0,4.0,49.9,14.0,5.0,3.3,3
12.0,15.0,3.0,4.0,3.0,51.8,12.6,6.6,1.4,16.0,10.0,6.0,3.0,1.0,52.7,12.6,7.3,1.6,2
15.0,14.0,5.0,4.0,1.0,49.9,13.1,6.1,1.4,8.0,13.0,1.0,4.0,5.0,58.5,13.9,6.2,1.8,4
15.0,18.0,4.0,5.0,1.0,49.5,12.6,6.3,1.4,20.0,11.0,5.0,1.0,4.0,50.1,10.5,6.3,1.8,1
15.0,14.0,5.0,4.0,1.0,48.2,11.0,5.4,2.1,19.0,15.0,5.0,2.0,3.0,51.8,13.8,5.5,1.5,4
18.0,13.0,6.0,3.0,1.0,47.0,11.1,4.5,1.9,24.0,7.0,8.0,1.0,1.0,58.8,13.8,6.3,2.6,1
17.0,12.0,5.0,3.0,2.0,47.9,11.9,4.8,2.3,14.0,12.0,5.0,3.0,2.0,55.7,13.3,6.6,3.3,2
16.0,12.0,5.0,3.0,2.0,46.9,11.5,4.4,2.4,24.0,8.0,6.0,3.0,1.0,54.4,13.1,3.7,2.2,2
16.0,12.0,5.0,3.0,2.0,46.6,11.2,4.8,2.7,12.0,12.0,3.0,4.0,3.0,48.7,12.4,6.5,0.9,3
16.0,11.0,5.0,3.0,2.0,46.8,11.4,5.2,2.8,12.0,10.0,5.0,4.0,1.0,50.4,11.1,5.2,1.7,2
15.0,8.0,5.0,2.0,3.0,48.1,11.9,6.4,2.9,13.0,11.0,4.0,3.0,3.0,46.1,16.2,5.2,2.2,4
20.0,11.0,5.0,2.0,3.0,48.3,12.5,6.6,1.9,14.0,15.0,4.0,4.0,2.0,50.3,11.5,7.2,1.6,3
18.0,9.0,5.0,2.0,3.0,50.5,12.6,7.5,1.9,14.0,12.0,5.0,3.0,2.0,57.7,9.2,7.2,1.8,2
19.0,9.0,5.0,1.0,4.0,48.7,12.5,7.3,2.0,10.0,10.0,3.0,3.0,4.0,50.7,16.4,4.4,2.5,4
21.0,9.0,6.0,1.0,3.0,48.5,12.3,7.5,2.1,9.0,21.0,1.0,7.0,2.0,49.1,14.8,4.8,2.0,1
19.0,9.0,6.0,1.0,3.0,47.9,13.0,6.9,1.8,24.0,11.0,7.0,2.0,1.0,54.2,12.7,6.4,1.6,2
19.0,9.0,6.0,1.0,3.0,47.5,14.0,6.7,1.9,16.0,11.0,5.0,1.0,4.0,56.1,13.6,5.1,2.1,3
19.0,10.0,6.0,1.0,3.0,47.6,14.0,6.7,2.3,17.0,13.0,5.0,2.0,3.0,54.6,13.0,5.6,2.4,4
19.0,11.0,6.0,1.0,3.0,48.0,14.3,6.3,2.4,16.0,13.0,5.0,4.0,1.0,54.6,14.0,7.0,2.6,3
17.0,11.0,7.0,2.0,1.0,48.3,14.2,5.7,2.6,20.0,12.0,6.0,3.0,1.0,54.3,16.3,7.0,1.7,3
15.0,11.0,7.0,2.0,1.0,49.1,15.3,5.9,2.6,10.0,17.0,2.0,6.0,2.0,51.3,15.7,5.9,1.8,4
17.0,12.0,7.0,2.0,1.0,49.2,15.1,5.7,2.4,22.0,11.0,8.0,2.0,0.0,54.3,14.4,4.7,1.6,2
13.0,13.0,6.0,4.0,0.0,52.0,15.7,6.6,2.4,21.0,9.0,8.0,1.0,1.0,55.9,14.6,8.3,2.2,3
20.0,14.0,7.0,3.0,0.0,51.9,15.1,6.3,2.4,9.0,11.0,3.0,5.0,2.0,54.7,15.8,6.9,2.7,2
19.0,14.0,6.0,3.0,1.0,52.2,15.0,6.3,1.8,7.0,12.0,3.0,4.0,3.0,47.6,14.1,4.0,2.9,3
18.0,14.0,6.0,3.0,1.0,52.9,14.3,6.7,1.6,10.0,12.0,3.0,5.0,2.0,49.3,13.2,4.0,0.8,1
19.0,11.0,7.0,2.0,1.0,53.8,14.4,6.9,1.7,26.0,7.0,8.0,2.0,0.0,53.8,12.7,5.4,2.6,2
20.0,11.0,7.0,2.0,1.0,50.5,13.6,6.2,1.8,10.0,17.0,3.0,5.0,2.0,50.4,12.8,3.5,2.1,2
20.0,10.0,7.0,2.0,1.0,49.9,13.9,6.2,2.0,16.0,18.0,2.0,3.0,5.0,51.1,14.6,6.7,2.6,4
19.0,7.0,7.0,1.0,2.0,51.5,13.9,6.5,2.6,10.0,20.0,1.0,6.0,3.0,46.8,15.8,5.0,1.8,4
21.0,8.0,7.0,0.0,3.0,51.2,13.7,6.2,2.7,7.0,20.0,1.0,6.0,3.0,45.6,14.0,4.2,2.1,4
25.0,9.0,7.0,0.0,3.0,53.2,12.9,6.3,3.2,19.0,14.0,5.0,4.0,1.0,55.0,12.0,6.7,2.1,4
21.0,9.0,7.0,0.0,3.0,51.2,12.2,6.3,3.5,13.0,10.0,4.0,3.0,3.0,54.5,11.9,4.8,2.6,4
27.0,11.0,8.0,0.0,2.0,52.0,12.1,6.9,3.1,15.0,18.0,3.0,4.0,3.0,56.4,13.2,6.2,1.8,4
27.0,13.0,7.0,1.0,2.0,51.3,13.1,6.6,3.1,18.0,7.0,6.0,1.0,3.0,49.8,12.6,5.5,2.1,2
26.0,15.0,6.0,2.0,2.0,51.0,13.1,6.7,3.0,23.0,18.0,3.0,5.0,2.0,52.6,13.9,7.9,1.8,4
27.0,19.0,6.0,4.0,0.0,50.7,12.3,5.8,2.5,12.0,14.0,3.0,5.0,2.0,46.9,13.3,4.5,1.1,1
22.0,17.0,6.0,4.0,0.0,49.2,12.3,5.6,2.4,16.0,14.0,5.0,3.0,2.0,52.9,11.7,7.0,2.3,4
16.0,12.0,6.0,3.0,1.0,50.8,11.9,5.7,2.4,24.0,5.0,8.0,2.0,0.0,60.0,13.6,6.9,1.8,4
20.0,11.0,7.0,2.0,1.0,49.4,12.1,5.4,2.4,20.0,10.0,5.0,4.0,1.0,50.0,16.7,4.2,2.5,4
22.0,10.0,8.0,1.0,1.0,49.7,11.6,4.9,2.3,26.0,6.0,8.0,1.0,1.0,57.4,10.7,6.1,1.8,4
22.0,11.0,8.0,1.0,1.0,47.6,11.1,4.7,2.1,6.0,15.0,2.0,4.0,4.0,49.5,12.5,4.0,1.7,3
22.0,11.0,8.0,1.0,1.0,47.5,11.2,4.7,1.9,16.0,19.0,3.0,5.0,2.0,47.9,13.5,5.4,1.5,4
26.0,12.0,8.0,1.0,1.0,48.2,10.7,4.5,2.2,23.0,14.0,6.0,3.0,1.0,56.3,12.4,5.3,1.8,3
27.0,12.0,8.0,1.0,1.0,48.8,11.6,4.4,2.0,8.0,12.0,4.0,4.0,2.0,45.7,13.6,3.0,1.6,3
31.0,12.0,9.0,1.0,0.0,49.0,10.9,3.8,2.5,23.0,5.0,9.0,1.0,0.0,60.0,9.4,6.8,2.0,3
30.0,13.0,8.0,2.0,0.0,48.1,11.6,3.9,2.6,16.0,13.0,4.0,4.0,2.0,51.9,17.3,5.1,1.9,2
27.0,13.0,7.0,2.0,1.0,49.6,11.7,4.2,2.5,25.0,15.0,7.0,3.0,0.0,53.9,10.0,4.6,1.9,3
26.0,12.0,7.0,2.0,1.0,49.0,11.7,4.7,2.7,11.0,12.0,2.0,2.0,6.0,53.5,13.4,4.8,1.5,4
27.0,12.0,7.0,2.0,1.0,50.5,11.5,5.9,3.4,13.0,12.0,4.0,3.0,3.0,54.1,14.2,5.4,1.2,4
26.0,13.0,6.0,2.0,2.0,51.1,11.2,6.9,3.1,15.0,10.0,4.0,2.0,4.0,53.7,13.3,6.1,2.1,1
24.0,13.0,6.0,2.0,2.0,49.7,11.1,6.7,3.0,17.0,9.0,5.0,2.0,3.0,53.2,12.4,8.3,1.8,0
26.0,12.0,6.0,1.0,3.0,49.4,10.3,6.4,2.1,24.0,9.0,6.0,2.0,2.0,46.2,13.1,4.2,1.5,3
28.0,11.0,7.0,1.0,2.0,48.6,9.6,6.1,2.0,12.0,12.0,4.0,3.0,3.0,55.8,12.7,7.4,2.1,3
27.0,12.0,6.0,2.0,2.0,48.7,9.7,5.8,1.9,13.0,11.0,5.0,2.0,3.0,55.0,12.7,7.7,1.9,0
26.0,9.0,6.0,1.0,3.0,48.2,9.9,5.3,1.5,4.0,7.0,4.0,4.0,2.0,48.5,14.4,4.9,1.6,3
23.0,10.0,5.0,2.0,3.0,48.5,9.5,5.5,1.5,17.0,6.0,8.0,1.0,1.0,58.7,9.0,5.9,2.8,4
17.0,12.0,4.0,4.0,2.0,47.5,9.7,5.1,1.8,10.0,21.0,2.0,7.0,1.0,40.2,13.5,3.8,2.0,2
23.0,13.0,5.0,4.0,1.0,49.2,9.7,5.5,2.2,6.0,17.0,2.0,5.0,3.0,45.9,13.5,4.8,1.9,3
21.0,11.0,5.0,4.0,1.0,50.4,9.6,5.1,2.1,22.0,3.0,9.0,0.0,1.0,55.0,12.6,4.2,2.2,1
18.0,13.0,4.0,4.0,2.0,51.9,11.3,5.5,2.5,11.0,15.0,3.0,7.0,0.0,45.3,12.4,4.0,1.5,2
18.0,12.0,4.0,3.0,3.0,52.1,11.3,5.2,2.8,10.0,22.0,3.0,7.0,0.0,47.9,10.7,4.9,2.9,4
27.0,11.0,6.0,1.0,3.0,53.9,11.7,4.9,3.5,4.0,16.0,1.0,8.0,1.0,47.4,14.4,4.2,1.7,3
23.0,15.0,5.0,2.0,3.0,53.3,10.9,4.3,3.5,16.0,13.0,5.0,4.0,1.0,53.8,10.4,7.3,1.8,0
20.0,15.0,4.0,2.0,4.0,52.2,11.3,5.0,4.1,13.0,5.0,7.0,1.0,2.0,48.3,14.4,5.2,1.3,4
24.0,17.0,5.0,1.0,4.0,54.1,10.7,5.4,4.2,9.0,17.0,4.0,5.0,1.0,54.4,10.6,6.3,1.3,4
26.0,15.0,6.0,1.0,3.0,53.9,10.1,5.7,4.7,13.0,12.0,3.0,5.0,2.0,49.1,14.9,4.2,1.6,1
25.0,13.0,7.0,1.0,2.0,52.7,10.6,5.9,4.4,18.0,7.0,6.0,2.0,2.0,55.4,15.4,6.6,2.1,2
25.0,15.0,6.0,1.0,3.0,52.0,11.2,6.2,4.0,21.0,7.0,5.0,3.0,2.0,57.9,8.5,8.5,2.9,4
21.0,13.0,5.0,2.0,3.0,49.62,11.3,7.1,3.7,19.0,14.0,4.0,4.0,2.0,54.3,9.0,5.6,1.0,2
20.0,11.0,5.0,2.0,3.0,49.5,11.4,6.9,3.3,15.0,17.0,2.0,4.0,4.0,55.89,8.8,4.9,2.1,1
20.0,12.0,5.0,3.0,2.0,50.0,11.0,6.6,2.8,18.0,16.0,6.0,3.0,1.0,54.62,8.4,6.5,2.6,3
17.0,11.0,4.0,4.0,2.0,47.62,10.8,6.2,3.1,22.0,9.0,7.0,1.0,2.0,53.8,11.2,6.2,1.5,2
13.0,13.0,3.0,5.0,2.0,48.38,10.8,5.7,2.8,19.0,9.0,4.0,2.0,4.0,57.57,12.0,6.1,3.6,1
13.0,12.0,4.0,5.0,1.0,48.38,11.1,5.8,2.8,18.0,18.0,4.0,6.0,0.0,49.4,10.7,5.4,1.2,4
15.0,11.0,5.0,5.0,0.0,47.5,10.6,5.4,2.8,13.0,12.0,5.0,2.0,3.0,46.44,12.4,5.0,1.6,3
15.0,9.0,6.0,4.0,0.0,48.25,11.3,4.8,2.7,23.0,12.0,4.0,3.0,3.0,57.75,11.0,7.6,1.1,4
13.0,12.0,5.0,5.0,0.0,48.78,11.1,5.2,2.8,17.0,8.0,5.0,3.0,2.0,51.22,14.7,5.7,1.6,1
11.0,12.0,5.0,5.0,0.0,47.9,11.6,4.8,2.7,13.0,9.0,6.0,3.0,1.0,39.1,12.1,3.6,2.3,2
13.0,10.0,6.0,4.0,0.0,50.2,12.2,5.5,2.8,14.0,7.0,6.0,2.0,2.0,56.67,14.1,7.3,1.3,3
16.0,11.0,7.0,3.0,0.0,50.4,12.5,6.2,2.3,18.0,16.0,4.0,3.0,3.0,52.5,14.7,4.7,1.6,2
17.0,10.0,7.0,2.0,1.0,50.4,13.3,6.6,2.3,17.0,12.0,5.0,2.0,3.0,51.6,10.2,6.4,1.4,2
17.0,12.0,5.0,2.0,3.0,52.1,13.3,6.7,2.1,14.0,15.0,4.0,3.0,3.0,49.6,12.8,4.0,1.7,4
15.0,13.0,4.0,2.0,4.0,52.4,13.5,7.2,2.5,20.0,12.0,5.0,4.0,1.0,57.3,10.5,6.9,1.3,1
15.0,11.0,4.0,2.0,4.0,52.9,14.0,7.3,2.5,12.0,14.0,1.0,3.0,6.0,44.0,11.0,4.3,1.5,2
16.0,11.0,4.0,2.0,4.0,54.7,14.2,7.5,2.5,14.0,7.0,4.0,2.0,4.0,54.0,16.1,4.5,2.8,2
19.0,10.0,4.0,1.0,5.0,55.4,14.3,7.3,2.6,20.0,6.0,8.0,1.0,1.0,57.4,9.1,6.7,2.4,3
16.0,11.0,3.0,2.0,5.0,55.3,14.8,7.3,2.6,18.0,3.0,9.0,0.0,1.0,54.9,11.9,7.8,2.5,3
16.0,11.0,4.0,3.0,3.0,54.0,13.9,6.8,2.3,13.0,21.0,2.0,5.0,3.0,46.6,11.0,5.6,2.4,1
16.0,10.0,5.0,3.0,2.0,52.4,14.0,6.5,3.0,13.0,11.0,2.0,3.0,5.0,50.3,13.7,5.7,2.0,1
14.0,9.0,5.0,4.0,1.0,51.0,14.8,5.7,2.7,12.0,12.0,2.0,3.0,5.0,45.2,12.6,4.4,2.3,3
15.0,10.0,5.0,4.0,1.0,50.6,14.2,5.3,2.5,12.0,12.0,3.0,4.0,3.0,51.8,13.4,5.7,2.0,2
12.0,11.0,4.0,5.0,1.0,50.3,14.1,5.2,2.8,16.0,4.0,6.0,1.0,3.0,51.1,11.5,4.4,1.3,0
10.0,11.0,3.0,5.0,2.0,49.5,13.7,5.0,2.8,24.0,17.0,7.0,1.0,2.0,53.1,12.6,6.1,1.5,3
12.0,10.0,4.0,5.0,1.0,49.0,13.1,4.8,2.9,28.0,18.0,4.0,1.0,5.0,47.3,13.9,6.1,1.4,2
9.0,10.0,3.0,5.0,2.0,47.0,13.7,4.9,2.8,13.0,19.0,3.0,5.0,2.0,37.5,12.4,2.8,3.1,4
12.0,9.0,4.0,4.0,2.0,47.4,13.4,4.7,2.6,17.0,9.0,6.0,2.0,2.0,53.7,12.2,5.3,1.2,1
11.0,8.0,4.0,4.0,2.0,48.1,13.9,4.7,3.1,14.0,17.0,2.0,5.0,3.0,52.9,13.2,4.8,2.5,4
12.0,10.0,3.0,4.0,3.0,49.7,14.0,5.5,3.1,16.0,9.0,5.0,3.0,2.0,51.6,12.1,5.0,1.6,1
12.0,10.0,3.0,4.0,3.0,49.3,13.5,5.7,3.4,18.0,14.0,5.0,4.0,1.0,44.0,12.2,4.2,1.5,2
14.0,8.0,4.0,3.0,3.0,50.9,12.8,6.5,2.9,12.0,9.0,4.0,3.0,3.0,53.7,12.6,6.1,1.9,1
15.0,8.0,5.0,3.0,2.0,50.9,12.3,6.5,2.8,14.0,14.0,5.0,5.0,0.0,52.8,11.5,4.4,1.4,3
14.0,9.0,5.0,3.0,2.0,50.7,12.0,6.4,2.8,19.0,7.0,7.0,0.0,3.0,57.9,10.2,7.0,0.9,4
12.0,11.0,5.0,4.0,1.0,51.2,12.6,5.5,2.8,19.0,7.0,7.0,0.0,3.0,57.1,11.2,6.0,1.3,2
13.0,11.0,5.0,4.0,1.0,52.6,12.8,6.0,2.9,22.0,11.0,7.0,2.0,1.0,51.4,14.9,7.6,3.0,4
16.0,13.0,5.0,3.0,2.0,51.1,12.5,5.7,2.5,14.0,13.0,4.0,2.0,4.0,53.9,15.3,4.8,1.1,4
26.0,13.0,7.0,2.0,1.0,51.0,12.2,5.0,2.3,20.0,17.0,4.0,4.0,2.0,51.6,9.6,4.0,1.2,4
29.0,16.0,7.0,2.0,1.0,51.9,12.4,5.2,2.3,15.0,8.0,5.0,2.0,3.0,51.2,10.3,4.9,1.9,3
29.0,16.0,7.0,2.0,1.0,51.7,13.1,5.4,2.2,20.0,14.0,4.0,4.0,2.0,54.5,10.6,5.4,2.8,3
31.0,13.0,8.0,1.0,1.0,51.1,12.8,6.1,2.7,22.0,11.0,6.0,0.0,4.0,57.3,12.2,5.4,0.7,2
27.0,14.0,6.0,3.0,1.0,53.88,13.0,6.3,2.6,14.0,17.0,4.0,5.0,1.0,43.07,13.9,5.3,1.2,2
28.0,11.0,7.0,2.0,1.0,55.18,12.7,6.8,2.7,17.0,9.0,7.0,2.0,1.0,56.86,11.8,7.4,2.1,1
23.0,10.0,6.0,3.0,1.0,53.88,12.6,6.9,2.2,20.0,18.0,4.0,3.0,3.0,49.3,12.9,5.3,2.0,4
22.0,10.0,6.0,3.0,1.0,53.78,12.2,6.4,2.1,10.0,9.0,3.0,3.0,4.0,46.46,14.0,3.2,1.4,3
20.0,11.0,6.0,3.0,1.0,52.58,11.9,6.5,1.7,17.0,16.0,5.0,3.0,2.0,54.5,14.6,5.1,2.1,4
18.0,10.0,5.0,3.0,2.0,51.38,12.3,6.2,1.5,20.0,20.0,5.0,4.0,1.0,54.9,15.0,6.1,1.8,4
19.0,12.0,4.0,3.0,3.0,52.58,12.2,5.9,1.5,25.0,6.0,7.0,1.0,2.0,58.51,10.8,5.4,1.0,3
17.0,14.0,3.0,4.0,3.0,52.6,11.8,5.3,0.9,19.0,12.0,5.0,2.0,3.0,52.0,13.7,6.3,1.1,3
18.0,14.0,4.0,4.0,2.0,53.0,11.4,4.8,1.1,12.0,14.0,3.0,5.0,2.0,51.1,15.5,5.2,2.3,4
21.0,12.0,5.0,3.0,2.0,52.8,11.3,5.1,1.3,10.0,13.0,4.0,5.0,1.0,55.2,14.7,5.0,1.1,3
22.0,11.0,6.0,2.0,2.0,51.32,10.9,5.2,1.4,30.0,7.0,8.0,1.0,1.0,62.89,9.6,6.8,1.7,3
21.0,13.0,5.0,3.0,2.0,51.1,11.1,5.0,1.7,13.0,17.0,2.0,4.0,4.0,40.0,13.2,3.5,1.5,4
25.0,14.0,6.0,2.0,2.0,52.6,11.1,5.3,1.7,20.0,19.0,4.0,5.0,1.0,54.1,13.5,4.8,1.5,3
22.0,14.0,6.0,2.0,2.0,53.91,12.2,5.5,1.9,7.0,16.0,3.0,5.0,2.0,44.9,16.2,3.9,1.6,3
23.0,12.0,7.0,2.0,1.0,54.71,11.7,5.3,2.0,17.0,8.0,8.0,0.0,2.0,61.03,14.0,7.6,1.8,4
23.0,10.0,8.0,2.0,0.0,54.31,11.6,5.4,2.2,15.0,15.0,5.0,5.0,0.0,48.15,14.5,5.3,1.3,2
22.0,10.0,8.0,2.0,0.0,55.34,11.7,6.0,2.6,18.0,9.0,8.0,1.0,1.0,56.37,12.1,5.4,1.4,4
21.0,11.0,8.0,2.0,0.0,55.34,12.9,5.8,2.5,13.0,12.0,2.0,3.0,5.0,54.12,11.0,6.5,1.6,1
21.0,9.0,9.0,1.0,0.0,53.86,12.9,5.6,2.4,6.0,9.0,3.0,4.0,3.0,49.1,15.6,4.3,2.4,4
21.0,7.0,9.0,1.0,0.0,54.06,12.5,5.1,2.4,14.0,11.0,4.0,4.0,2.0,45.4,14.7,4.6,1.7,4
24.0,7.0,9.0,1.0,0.0,54.06,12.2,4.9,2.6,13.0,13.0,3.0,5.0,2.0,56.23,9.9,6.5,1.5,1
23.0,8.0,8.0,2.0,0.0,53.95,12.0,5.0,2.6,19.0,13.0,5.0,3.0,2.0,54.56,12.2,7.3,1.0,2
23.0,9.0,7.0,2.0,1.0,52.35,11.5,5.0,2.5,17.0,14.0,4.0,3.0,3.0,50.8,15.0,5.1,3.2,0
23.0,7.0,7.0,1.0,2.0,52.6,11.7,5.3,2.2,13.0,14.0,5.0,3.0,2.0,44.6,14.1,4.9,2.0,1
22.0,6.0,7.0,1.0,2.0,51.1,11.7,5.0,2.0,22.0,9.0,6.0,1.0,3.0,52.2,13.6,5.7,2.4,3
21.0,6.0,7.0,1.0,2.0,52.2,11.7,5.1,1.9,12.0,15.0,3.0,4.0,3.0,45.5,17.4,3.5,1.0,4
22.0,7.0,7.0,1.0,2.0,49.9,10.7,4.7,1.8,16.0,14.0,5.0,2.0,3.0,52.5,16.4,6.4,2.1,2
23.0,7.0,7.0,1.0,2.0,50.1,10.7,4.8,1.6,34.0,15.0,7.0,2.0,1.0,54.4,14.4,6.3,1.2,4
21.0,10.0,6.0,2.0,2.0,47.5,11.8,4.4,1.5,13.0,11.0,3.0,3.0,4.0,44.8,14.2,5.4,1.5,3
18.0,10.0,6.0,2.0,2.0,47.7,11.8,4.5,1.7,8.0,24.0,2.0,7.0,1.0,46.5,14.8,3.5,1.8,3
20.0,10.0,7.0,1.0,2.0,46.9,12.2,4.7,1.9,15.0,12.0,3.0,2.0,5.0,54.8,13.0,6.5,2.0,3
19.0,12.0,7.0,2.0,1.0,48.6,12.4,5.1,1.8,15.0,31.0,3.0,7.0,0.0,40.6,11.2,4.1,2.5,3
15.0,13.0,6.0,3.0,1.0,49.2,12.5,6.0,2.0,25.0,18.0,6.0,2.0,2.0,57.2,13.6,5.7,1.8,3
16.0,15.0,6.0,4.0,0.0,47.6,12.6,5.5,2.1,12.0,11.0,2.0,3.0,5.0,48.5,12.4,6.5,2.4,0
15.0,15.0,5.0,4.0,1.0,48.2,12.7,5.4,2.0,22.0,12.0,5.0,2.0,3.0,56.6,12.4,6.6,1.6,3
13.0,15.0,4.0,5.0,1.0,50.2,12.9,6.7,2.1,14.0,17.0,2.0,3.0,5.0,48.5,13.0,5.0,2.0,4
16.0,13.0,5.0,4.0,1.0,52.6,12.4,7.0,2.3,15.0,13.0,5.0,3.0,2.0,57.4,10.0,5.7,1.2,4
15.0,14.0,4.0,5.0,1.0,52.13,11.9,6.3,1.6,20.0,13.0,5.0,2.0,3.0,52.94,15.6,5.0,1.3,4
16.0,15.0,4.0,5.0,1.0,53.29,12.1,6.5,1.4,36.0,9.0,9.0,1.0,0.0,53.28,15.6,3.0,2.7,2
16.0,14.0,4.0,4.0,2.0,51.21,12.5,5.8,1.1,16.0,19.0,4.0,5.0,1.0,44.03,12.4,4.9,1.6,3
15.0,15.0,4.0,4.0,2.0,52.19,12.2,6.0,1.1,30.0,12.0,6.0,3.0,1.0,62.89,9.0,6.6,2.2,4
18.0,16.0,5.0,4.0,1.0,50.21,11.7,6.2,1.4,14.0,21.0,2.0,6.0,2.0,51.9,15.6,6.4,2.2,3
19.0,15.0,6.0,3.0,1.0,49.75,11.6,6.3,1.6,25.0,8.0,7.0,2.0,1.0,53.23,13.6,5.4,2.9,2
18.0,15.0,5.0,3.0,2.0,47.87,11.6,5.2,1.5,15.0,19.0,1.0,5.0,4.0,46.49,14.7,4.4,1.0,4
16.0,18.0,4.0,3.0,3.0,48.64,11.7,4.6,1.5,25.0,8.0,6.0,1.0,3.0,57.4,12.1,4.6,3.4,2
18.0,13.0,5.0,1.0,4.0,47.21,10.6,4.7,1.6,11.0,12.0,4.0,5.0,1.0,44.8,13.3,5.8,2.6,4
18.0,15.0,5.0,2.0,3.0,48.74,10.8,4.4,1.9,23.0,10.0,7.0,3.0,0.0,62.44,10.5,6.4,1.6,2
19.0,13.0,5.0,1.0,4.0,48.27,10.5,4.7,1.8,15.0,17.0,3.0,3.0,4.0,50.1,17.2,3.7,1.9,3
18.0,13.0,5.0,1.0,4.0,48.21,11.1,4.0,1.8,12.0,12.0,4.0,3.0,3.0,56.29,12.3,4.5,2.5,4
18.0,14.0,4.0,1.0,5.0,48.55,10.9,3.4,1.6,11.0,10.0,3.0,3.0,4.0,46.05,16.0,4.8,2.2,3
18.0,15.0,4.0,2.0,4.0,50.53,10.9,3.7,1.6,9.0,19.0,2.0,6.0,2.0,42.82,13.1,4.4,1.8,2
15.0,13.0,3.0,2.0,5.0,51.43,11.3,4.4,1.4,18.0,8.0,6.0,2.0,2.0,59.01,9.1,5.4,1.8,2
16.0,12.0,4.0,2.0,4.0,50.04,11.6,4.5,1.6,21.0,12.0,6.0,0.0,4.0,53.64,13.7,6.9,2.2,4
17.0,14.0,4.0,3.0,3.0,50.73,11.8,4.7,1.6,12.0,18.0,2.0,6.0,2.0,50.97,15.8,3.1,1.8,2
16.0,15.0,3.0,3.0,4.0,51.89,12.6,5.0,1.6,6.0,11.0,1.0,4.0,5.0,53.44,13.7,4.5,1.7,3
15.0,15.0,3.0,3.0,4.0,51.59,13.0,4.6,1.7,7.0,19.0,2.0,5.0,3.0,48.2,12.9,4.4,2.8,2
16.0,12.0,4.0,2.0,4.0,51.37,12.1,4.8,1.9,22.0,15.0,6.0,2.0,2.0,55.62,14.6,6.1,1.2,3
18.0,11.0,5.0,2.0,3.0,51.04,12.6,4.3,2.2,6.0,18.0,1.0,5.0,4.0,47.54,13.4,4.6,2.7,3
18.0,11.0,5.0,2.0,3.0,52.47,12.3,4.8,2.0,11.0,17.0,3.0,4.0,3.0,58.05,11.9,4.5,1.5,3
18.0,10.0,6.0,2.0,2.0,52.2,12.7,5.5,2.0,26.0,8.0,6.0,0.0,4.0,54.72,16.7,7.6,1.6,4
19.0,11.0,6.0,2.0,2.0,52.83,12.9,5.3,2.0,28.0,9.0,7.0,0.0,3.0,53.54,16.1,7.7,1.7,4
20.0,11.0,7.0,2.0,1.0,52.95,13.8,5.5,2.2,20.0,9.0,5.0,2.0,3.0,54.99,12.0,6.6,2.0,4
19.0,11.0,7.0,2.0,1.0,53.33,12.7,4.9,2.2,15.0,13.0,5.0,4.0,1.0,45.77,13.0,6.2,2.1,1
19.0,10.0,8.0,2.0,0.0,52.87,12.3,4.4,2.4,21.0,10.0,7.0,2.0,1.0,61.88,9.0,8.3,2.4,4
18.0,13.0,7.0,3.0,0.0,52.64,12.3,4.9,2.5,11.0,12.0,2.0,3.0,5.0,47.21,13.0,4.8,1.1,2
16.0,15.0,6.0,4.0,0.0,53.31,13.4,5.0,2.3,18.0,5.0,6.0,2.0,2.0,55.48,13.6,5.5,3.6,4
15.0,19.0,5.0,5.0,0.0,55.54,13.3,5.3,2.3,28.0,11.0,8.0,1.0,1.0,60.4,9.3,6.9,2.3,3
14.0,20.0,4.0,6.0,0.0,54.83,12.4,4.5,2.5,11.0,8.0,4.0,1.0,5.0,41.21,12.0,3.4,2.5,1
13.0,17.0,5.0,5.0,0.0,53.2,12.2,5.3,2.8,12.0,19.0,3.0,5.0,2.0,55.9,13.1,5.0,1.7,3
12.0,17.0,5.0,5.0,0.0,53.9,12.2,5.4,3.2,13.0,16.0,3.0,5.0,2.0,51.7,17.0,5.5,3.4,1
12.0,17.0,5.0,5.0,0.0,53.3,12.0,4.6,3.1,7.0,15.0,1.0,4.0,5.0,37.0,13.5,2.6,1.9,4
16.0,17.0,6.0,4.0,0.0,52.5,13.0,5.1,3.2,21.0,11.0,7.0,1.0,2.0,53.5,11.1,5.4,2.5,4
17.0,22.0,5.0,5.0,0.0,52.1,13.2,5.0,2.8,14.0,11.0,4.0,3.0,3.0,52.7,14.0,4.4,2.5,3
19.0,18.0,6.0,4.0,0.0,51.8,12.9,4.4,2.7,11.0,15.0,2.0,4.0,4.0,49.1,13.2,3.0,1.6,4
23.0,19.0,7.0,3.0,0.0,50.9,12.3,4.4,2.5,20.0,21.0,2.0,4.0,4.0,37.7,13.8,3.7,1.1,2
22.0,18.0,7.0,3.0,0.0,53.2,12.5,4.7,2.8,18.0,27.0,1.0,7.0,2.0,50.8,15.9,3.4,1.9,1
20.0,16.0,7.0,3.0,0.0,52.0,12.8,4.9,2.3,17.0,21.0,3.0,5.0,2.0,49.9,12.8,5.6,1.2,2
19.0,16.0,7.0,3.0,0.0,53.0,12.9,5.2,2.5,10.0,19.0,3.0,4.0,3.0,47.2,15.6,5.8,1.4,0
18.0,16.0,6.0,3.0,1.0,55.1,12.6,4.5,2.6,17.0,12.0,6.0,2.0,2.0,65.8,13.2,5.8,1.7,2
16.0,17.0,4.0,4.0,2.0,54.5,11.6,5.2,2.0,8.0,15.0,1.0,6.0,3.0,52.7,13.4,3.4,1.3,1
15.0,12.0,5.0,3.0,2.0,53.2,11.0,4.9,2.0,21.0,9.0,8.0,1.0,1.0,62.5,13.2,4.6,1.4,2
19.0,11.0,5.0,2.0,3.0,53.7,11.1,3.7,1.3,18.0,24.0,4.0,4.0,2.0,55.7,13.6,5.6,0.4,3
18.0,14.0,4.0,3.0,3.0,55.7,11.7,4.0,1.3,25.0,9.0,6.0,1.0,3.0,48.4,13.8,6.0,1.5,4
20.0,14.0,5.0,3.0,2.0,56.2,11.7,4.1,1.3,16.0,10.0,4.0,2.0,4.0,63.3,7.7,4.8,1.7,0
17.0,13.0,4.0,3.0,3.0,55.0,12.1,4.1,2.0,20.0,18.0,3.0,5.0,2.0,49.8,15.4,4.0,1.0,4
12.0,16.0,3.0,4.0,3.0,54.0,12.4,4.1,1.9,17.0,12.0,6.0,4.0,0.0,59.6,13.2,5.7,1.4,1
13.0,14.0,4.0,3.0,3.0,53.6,12.2,4.3,2.2,20.0,14.0,5.0,2.0,3.0,55.2,13.5,5.6,1.4,4
15.0,15.0,4.0,2.0,4.0,53.3,12.6,4.3,2.1,10.0,7.0,3.0,2.0,5.0,59.7,7.9,4.4,1.7,4
15.0,15.0,4.0,2.0,4.0,49.4,13.4,3.5,2.6,8.0,20.0,2.0,7.0,1.0,43.7,14.0,5.0,1.5,3
17.0,14.0,5.0,2.0,3.0,50.1,13.2,3.5,2.4,15.0,9.0,7.0,2.0,1.0,50.6,15.0,3.2,2.5,2
15.0,14.0,4.0,3.0,3.0,51.6,13.0,4.2,2.2,18.0,8.0,6.0,2.0,2.0,61.0,12.4,5.3,2.0,4
15.0,15.0,4.0,3.0,3.0,49.6,12.7,4.2,2.2,10.0,14.0,1.0,4.0,5.0,40.6,13.6,5.0,1.1,4
16.0,18.0,3.0,3.0,4.0,50.6,12.6,4.0,2.6,16.0,22.0,3.0,6.0,1.0,44.1,13.9,4.4,2.4,4
19.0,19.0,4.0,3.0,3.0,51.5,12.1,3.7,1.9,14.0,10.0,4.0,2.0,4.0,51.6,11.1,5.2,1.8,0
18.0,15.0,4.0,2.0,4.0,52.6,11.7,3.9,1.9,20.0,18.0,3.0,3.0,4.0,56.8,12.6,4.7,1.3,3
18.0,17.0,3.0,3.0,4.0,51.7,11.2,3.6,1.8,7.0,16.0,1.0,5.0,4.0,48.4,14.1,4.2,1.2,4
19.0,16.0,4.0,3.0,3.0,52.9,10.8,3.9,1.7,13.0,17.0,3.0,4.0,3.0,43.0,13.7,3.2,1.0,4
20.0,15.0,5.0,3.0,2.0,54.8,10.4,4.1,1.2,20.0,17.0,5.0,2.0,3.0,51.5,12.3,6.1,2.3,4
20.0,18.0,4.0,3.0,3.0,54.9,11.0,4.5,1.3,23.0,5.0,8.0,1.0,1.0,56.6,10.5,7.7,1.2,3
21.0,18.0,4.0,3.0,3.0,53.0,11.2,4.5,1.4,3.0,22.0,1.0,8.0,1.0,36.6,12.3,4.6,0.7,3
21.0,18.0,4.0,3.0,3.0,53.7,11.7,4.2,1.4,21.0,12.0,6.0,2.0,2.0,54.4,12.8,6.1,2.0,0
21.0,14.0,4.0,2.0,4.0,55.9,11.4,4.3,1.6,23.0,14.0,5.0,2.0,3.0,61.5,10.1,4.8,1.7,3
20.0,10.0,5.0,2.0,3.0,54.7,11.8,4.1,1.4,17.0,10.0,5.0,3.0,2.0,55.7,10.4,5.3,1.9,4
17.0,13.0,4.0,3.0,3.0,54.7,12.1,4.5,1.5,10.0,13.0,3.0,6.0,1.0,47.6,11.3,3.3,1.8,3
20.0,13.0,5.0,3.0,2.0,55.6,12.1,4.6,1.1,18.0,20.0,3.0,4.0,3.0,43.4,12.9,4.5,1.5,2
17.0,14.0,3.0,3.0,4.0,55.4,11.8,5.6,1.4,15.0,10.0,4.0,2.0,4.0,57.7,12.4,6.3,2.4,3
17.0,11.0,4.0,3.0,3.0,55.4,11.7,5.1,1.2,8.0,22.0,1.0,7.0,2.0,41.0,12.2,4.2,1.6,1
15.0,11.0,4.0,3.0,3.0,54.7,11.2,5.2,1.3,13.0,10.0,4.0,1.0,5.0,50.0,12.4,4.8,1.8,3
15.0,14.0,4.0,4.0,2.0,55.2,11.4,5.1,1.2,19.0,14.0,5.0,2.0,3.0,52.4,13.0,5.6,1.2,3
14.0,15.0,4.0,4.0,2.0,55.5,11.0,5.2,1.1,3.0,9.0,1.0,2.0,7.0,41.9,16.7,4.1,1.7,4
18.0,12.0,5.0,3.0,2.0,56.0,10.6,5.4,1.1,6.0,10.0,1.0,4.0,5.0,54.6,17.8,4.9,2.5,2
16.0,13.0,4.0,3.0,3.0,55.2,10.3,5.8,1.1,8.0,6.0,4.0,1.0,5.0,54.4,10.9,5.4,1.4,3
16.0,13.0,4.0,3.0,3.0,54.4,10.7,5.8,1.1,8.0,15.0,2.0,7.0,1.0,40.8,13.6,4.0,2.0,4
19.0,15.0,5.0,3.0,2.0,55.5,10.8,5.1,1.3,9.0,15.0,3.0,6.0,1.0,50.1,13.3,3.6,1.5,2
19.0,13.0,6.0,3.0,1.0,57.1,11.0,5.0,0.8,15.0,11.0,6.0,3.0,1.0,50.3,11.4,4.5,2.2,4
20.0,13.0,6.0,2.0,2.0,58.8,11.0,5.8,0.8,10.0,13.0,3.0,4.0,3.0,49.8,14.7,3.2,2.2,4
20.0,16.0,5.0,2.0,3.0,58.8,10.6,5.8,0.8,5.0,14.0,3.0,7.0,0.0,44.8,15.9,4.1,2.0,4
20.0,20.0,4.0,3.0,3.0,57.2,10.6,5.4,0.6,17.0,6.0,7.0,1.0,2.0,60.2,11.9,6.5,1.7,0
20.0,17.0,4.0,2.0,4.0,54.7,10.4,5.3,0.5,12.0,16.0,3.0,4.0,3.0,54.33,10.2,4.4,1.3,3
18.0,16.0,4.0,2.0,4.0,52.4,10.2,4.3,0.6,9.0,14.0,3.0,4.0,3.0,47.1,12.9,3.2,1.5,2
17.0,16.0,3.0,2.0,5.0,50.2,9.1,5.0,0.7,13.0,21.0,2.0,5.0,3.0,46.3,16.1,5.5,2.3,2
15.0,16.0,4.0,3.0,3.0,50.9,8.8,4.2,1.2,17.0,13.0,4.0,4.0,2.0,46.0,15.1,5.2,0.8,4
18.0,12.0,5.0,2.0,3.0,51.5,8.8,4.3,1.2,15.0,16.0,3.0,4.0,3.0,46.0,11.8,4.3,1.4,4
20.0,11.0,5.0,2.0,3.0,55.5,8.4,4.3,1.4,8.0,9.0,2.0,4.0,4.0,60.5,12.8,6.8,0.9,4
23.0,12.0,5.0,2.0,3.0,55.3,6.8,4.1,1.8,21.0,11.0,7.0,1.0,2.0,50.3,12.5,5.3,1.8,0
22.0,11.0,5.0,2.0,3.0,55.2,6.6,4.1,1.6,16.0,6.0,7.0,0.0,3.0,44.7,12.9,3.9,1.6,2
21.0,8.0,6.0,1.0,3.0,56.4,7.1,4.2,1.7,13.0,15.0,3.0,3.0,4.0,47.7,11.3,4.3,2.3,4
20.0,11.0,5.0,2.0,3.0,56.5,7.6,4.3,1.7,23.0,12.0,4.0,2.0,4.0,57.6,11.8,6.3,0.7,1
19.0,7.0,5.0,2.0,3.0,55.5,7.9,4.3,1.6,15.0,10.0,6.0,3.0,1.0,50.4,12.0,5.3,1.5,1
16.0,7.0,5.0,2.0,3.0,54.0,8.4,4.0,1.8,14.0,12.0,5.0,4.0,1.0,56.0,11.9,4.4,1.9,1
13.0,7.0,5.0,2.0,3.0,52.6,9.6,4.1,1.6,16.0,11.0,6.0,4.0,0.0,51.9,10.2,5.0,1.2,3
13.0,10.0,5.0,3.0,2.0,52.4,9.1,4.5,1.4,10.0,12.0,3.0,4.0,3.0,42.9,12.9,3.3,1.3,3
10.0,12.0,4.0,4.0,2.0,54.6,10.4,4.6,1.4,8.0,12.0,4.0,4.0,2.0,45.0,12.6,3.2,1.4,4
13.0,11.0,5.0,4.0,1.0,53.1,12.7,4.4,1.6,23.0,10.0,5.0,3.0,2.0,54.6,11.9,5.8,1.3,2
13.0,9.0,5.0,3.0,2.0,51.5,12.9,4.3,1.4,16.0,11.0,7.0,2.0,1.0,42.9,11.1,4.7,1.4,1
13.0,9.0,5.0,3.0,2.0,51.7,12.1,4.0,1.2,7.0,9.0,2.0,5.0,3.0,41.3,13.6,4.0,1.4,2
13.0,10.0,4.0,3.0,3.0,54.0,11.9,4.3,1.2,25.0,13.0,5.0,3.0,2.0,52.5,11.6,4.5,0.9,2
13.0,9.0,4.0,3.0,3.0,55.5,12.2,4.4,1.4,8.0,26.0,1.0,8.0,1.0,43.33,13.3,3.3,1.5,2
13.0,13.0,3.0,4.0,3.0,37.9,13.0,3.9,0.6,8.0,12.0,1.0,4.0,5.0,47.3,13.4,3.7,1.0,0
13.0,13.0,3.0,4.0,3.0,36.2,12.4,3.0,0.5,11.0,15.0,3.0,5.0,2.0,51.0,9.0,3.7,2.5,2
12.0,12.0,3.0,4.0,3.0,33.7,12.1,2.4,0.6,7.0,23.0,0.0,7.0,3.0,46.2,16.0,3.1,2.0,2
13.0,13.0,3.0,4.0,3.0,32.2,13.1,2.1,0.7,8.0,12.0,2.0,5.0,3.0,40.78,12.4,3.5,1.2,0
13.0,12.0,3.0,3.0,4.0,36.0,13.3,2.1,1.0,20.0,4.0,9.0,0.0,1.0,56.1,12.1,4.8,1.2,1
10.0,12.0,2.0,4.0,4.0,35.9,13.4,2.3,1.0,6.0,13.0,2.0,4.0,4.0,43.5,13.8,4.1,0.9,4
12.0,12.0,3.0,4.0,3.0,35.9,12.0,2.5,1.0,17.0,9.0,5.0,2.0,3.0,59.3,14.2,5.5,1.5,2
10.0,13.0,2.0,5.0,3.0,37.8,12.2,2.6,0.9,15.0,9.0,4.0,3.0,3.0,61.6,14.1,6.1,3.0,1
10.0,12.0,2.0,5.0,3.0,38.2,12.4,2.8,0.9,8.0,13.0,3.0,5.0,2.0,42.3,10.8,3.3,1.0,2
8.0,11.0,2.0,5.0,3.0,41.1,12.1,3.4,1.2,6.0,12.0,1.0,4.0,5.0,54.5,14.0,4.4,2.1,4
6.0,12.0,2.0,5.0,3.0,43.0,12.6,3.2,1.5,20.0,3.0,7.0,1.0,2.0,62.0,16.1,7.0,1.1,4
7.0,16.0,2.0,6.0,2.0,42.5,13.0,3.2,1.6,13.0,17.0,3.0,4.0,3.0,35.7,13.1,3.7,1.9,2
10.0,16.0,3.0,5.0,2.0,45.0,11.7,3.0,1.4,6.0,12.0,3.0,4.0,3.0,43.8,14.4,3.5,2.3,0
11.0,21.0,3.0,5.0,2.0,44.2,12.6,3.0,1.5,5.0,10.0,2.0,6.0,2.0,39.5,15.9,3.1,1.2,1
15.0,16.0,2.0,4.0,4.0,52.3,9.1,5.1,1.1,7.0,10.0,4.0,5.0,1.0,55.7,11.9,6.9,1.3,4
17.0,16.0,3.0,4.0,3.0,50.9,8.8,4.8,1.2,10.0,11.0,4.0,4.0,2.0,53.44,11.7,4.6,1.1,0
14.0,11.0,3.0,3.0,4.0,50.2,8.5,4.5,1.4,11.0,5.0,7.0,2.0,1.0,45.89,12.0,5.8,1.4,0
14.0,10.0,3.0,2.0,5.0,51.3,8.2,4.5,1.5,7.0,13.0,2.0,4.0,4.0,47.4,11.0,3.7,2.6,3
14.0,11.0,3.0,3.0,4.0,52.4,7.6,5.1,1.5,18.0,7.0,6.0,2.0,2.0,63.67,11.2,6.7,0.6,2
14.0,11.0,3.0,3.0,4.0,52.3,8.3,4.4,1.5,9.0,16.0,1.0,6.0,3.0,51.44,11.6,4.9,1.5,3
15.0,10.0,4.0,2.0,4.0,51.9,7.7,4.5,1.5,11.0,5.0,4.0,1.0,5.0,57.3,9.5,5.0,1.4,2
14.0,10.0,3.0,2.0,5.0,52.5,7.9,5.1,1.2,10.0,11.0,4.0,3.0,3.0,49.8,9.1,4.9,0.9,2
15.0,10.0,3.0,1.0,6.0,51.4,8.5,4.8,1.0,9.0,17.0,1.0,5.0,4.0,56.67,10.7,5.5,0.8,2
14.0,10.0,3.0,1.0,6.0,49.8,8.8,4.9,1.1,11.0,7.0,4.0,3.0,3.0,44.44,9.1,4.1,0.7,1
12.0,6.0,4.0,1.0,5.0,51.1,8.7,5.7,1.3,9.0,11.0,3.0,4.0,3.0,37.4,11.8,4.0,1.5,4
14.0,8.0,4.0,1.0,5.0,52.5,9.4,5.9,0.9,14.0,8.0,6.0,2.0,2.0,46.89,12.0,4.6,1.5,3
16.0,9.0,5.0,1.0,4.0,51.2,9.3,6.1,0.9,11.0,7.0,5.0,4.0,1.0,45.78,12.9,4.0,1.3,2
17.0,7.0,6.0,0.0,4.0,48.0,9.7,5.5,0.8,11.0,13.0,4.0,4.0,2.0,50.5,10.7,3.6,1.5,3
18.0,7.0,7.0,0.0,3.0,49.1,9.2,5.5,0.8,8.0,11.0,2.0,6.0,2.0,52.1,11.6,5.5,1.3,4
17.0,10.0,6.0,1.0,3.0,50.3,9.9,5.3,0.7,13.0,26.0,2.0,7.0,1.0,53.5,10.6,5.3,0.7,3
18.0,10.0,7.0,1.0,2.0,49.8,10.1,5.0,0.8,11.0,10.0,2.0,1.0,7.0,46.5,11.9,7.0,2.2,4
19.0,11.0,7.0,1.0,2.0,50.5,10.3,5.7,1.0,17.0,11.0,6.0,2.0,2.0,61.3,10.0,6.1,2.5,4
10.0,5.0,6.0,2.0,2.0,44.89,12.9,5.6,1.2,12.0,16.0,3.0,6.0,1.0,44.4,9.5,4.0,1.6,1
14.0,11.0,3.0,3.0,4.0,50.2,8.5,4.5,1.4,11.0,5.0,7.0,2.0,1.0,45.89,12.0,5.8,1.4,0
11.0,4.0,7.0,1.0,2.0,45.3,11.5,5.8,1.6,12.0,15.0,4.0,4.0,2.0,43.0,12.2,4.1,0.9,4
14.0,3.0,8.0,1.0,1.0,45.7,11.9,5.5,1.6,9.0,9.0,5.0,3.0,2.0,57.22,11.6,5.4,1.2,3
14.0,5.0,7.0,2.0,1.0,45.4,11.6,5.3,1.6,7.0,10.0,2.0,4.0,4.0,51.2,13.8,3.4,0.8,0
12.0,5.0,6.0,2.0,2.0,47.0,10.9,5.4,1.6,12.0,9.0,3.0,1.0,6.0,45.1,13.5,4.5,1.0,2
12.0,6.0,5.0,2.0,3.0,47.7,10.4,5.1,1.7,11.0,11.0,3.0,4.0,3.0,52.67,9.8,5.6,1.7,2
12.0,7.0,4.0,2.0,4.0,46.8,10.5,5.2,1.8,7.0,10.0,3.0,5.0,2.0,56.0,10.9,3.9,2.0,3
13.0,8.0,4.0,2.0,4.0,46.4,10.6,5.4,1.5,6.0,5.0,4.0,3.0,3.0,49.0,9.7,4.6,1.5,4
14.0,8.0,4.0,2.0,4.0,45.8,10.3,4.8,1.6,7.0,6.0,3.0,3.0,4.0,43.5,12.0,4.5,1.9,3
15.0,9.0,4.0,2.0,4.0,44.7,10.5,4.4,1.5,16.0,11.0,6.0,2.0,2.0,61.8,11.0,5.6,1.9,2
15.0,11.0,4.0,3.0,3.0,45.1,11.4,4.4,1.3,9.0,11.0,1.0,3.0,6.0,50.9,13.0,6.7,1.8,2
12.0,12.0,3.0,3.0,4.0,46.8,11.0,4.5,1.2,4.0,7.0,2.0,5.0,3.0,52.2,11.3,7.7,1.0,2
12.0,11.0,3.0,2.0,5.0,49.4,11.4,4.5,1.3,12.0,8.0,5.0,1.0,4.0,46.5,9.8,3.4,2.1,4
13.0,14.0,3.0,3.0,4.0,48.1,11.4,4.2,1.2,14.0,14.0,5.0,2.0,3.0,51.7,15.8,3.1,2.2,3
12.0,14.0,3.0,4.0,3.0,49.5,11.1,4.3,0.7,13.0,26.0,2.0,7.0,1.0,51.5,10.6,5.1,1.0,2
14.0,14.0,4.0,4.0,2.0,49.33,10.8,4.8,1.1,9.0,6.0,5.0,3.0,2.0,42.5,9.9,5.1,0.7,2
14.0,14.0,4.0,4.0,2.0,50.33,12.0,5.2,0.9,6.0,9.0,2.0,5.0,3.0,50.78,8.8,4.7,1.5,1
7.0,11.0,2.0,4.0,4.0,50.44,12.2,5.6,0.8,12.0,14.0,4.0,4.0,2.0,37.7,11.7,3.7,1.1,1
7.0,9.0,3.0,3.0,4.0,52.3,11.1,6.1,0.8,8.0,9.0,3.0,4.0,3.0,45.5,13.2,4.4,1.6,1
7.0,10.0,3.0,4.0,3.0,52.9,11.2,7.1,0.8,15.0,9.0,4.0,2.0,4.0,49.11,11.3,4.7,1.0,1
5.0,9.0,3.0,5.0,2.0,52.9,11.3,6.4,0.8,10.0,7.0,4.0,2.0,4.0,58.9,12.3,4.5,2.3,3
4.0,10.0,2.0,6.0,2.0,50.9,10.7,6.7,0.6,10.0,12.0,4.0,6.0,0.0,43.89,15.0,3.8,0.8,1
2.0,10.0,1.0,7.0,2.0,52.4,10.6,7.1,0.8,11.0,11.0,2.0,3.0,5.0,46.0,13.8,5.5,1.5,2
3.0,9.0,1.0,6.0,3.0,51.4,12.1,7.3,0.9,6.0,10.0,1.0,5.0,4.0,49.0,12.1,4.9,1.1,1
4.0,7.0,2.0,5.0,3.0,51.1,12.1,7.0,1.0,11.0,12.0,4.0,2.0,4.0,46.5,10.5,4.4,1.8,1
12.0,12.0,3.0,3.0,4.0,46.8,11.0,4.5,1.2,4.0,7.0,2.0,5.0,3.0,52.2,11.3,7.7,1.0,2
5.0,8.0,2.0,5.0,3.0,52.0,11.1,7.4,1.0,14.0,8.0,6.0,3.0,1.0,51.89,11.8,4.9,0.9,4
7.0,10.0,2.0,5.0,3.0,52.56,11.5,7.8,1.0,12.0,12.0,4.0,4.0,2.0,50.5,11.1,4.0,1.6,4
6.0,14.0,1.0,5.0,4.0,53.33,12.6,6.6,0.9,11.0,13.0,3.0,3.0,4.0,56.8,14.0,4.7,0.9,3
8.0,14.0,2.0,4.0,4.0,53.22,12.8,6.6,0.9,13.0,13.0,4.0,2.0,4.0,58.3,13.7,4.4,1.1,2
9.0,11.0,4.0,4.0,2.0,53.5,11.5,5.6,1.0,12.0,10.0,6.0,3.0,1.0,56.2,12.0,6.2,1.0,4
14.0,14.0,4.0,2.0,4.0,48.9,9.7,4.1,2.0,6.0,12.0,2.0,6.0,2.0,47.89,9.0,5.1,0.7,0
12.0,14.0,3.0,2.0,5.0,51.8,8.8,4.2,1.8,15.0,14.0,3.0,3.0,4.0,51.2,9.4,4.6,1.4,2
11.0,14.0,2.0,2.0,6.0,50.8,9.2,4.2,1.7,8.0,13.0,2.0,5.0,3.0,47.9,10.6,4.4,1.6,2
14.0,17.0,5.0,4.0,1.0,57.11,12.8,4.9,1.4,16.0,9.0,6.0,2.0,2.0,54.8,11.2,6.4,2.6,0
12.0,16.0,4.0,4.0,2.0,55.5,13.1,4.9,1.7,16.0,15.0,6.0,3.0,1.0,52.6,13.9,4.0,1.2,3
12.0,11.0,5.0,3.0,2.0,56.1,12.5,4.9,2.3,10.0,17.0,1.0,5.0,4.0,52.1,11.2,3.6,2.5,1
9.0,10.0,4.0,4.0,2.0,53.9,12.2,4.3,2.4,14.0,13.0,4.0,3.0,3.0,51.6,14.2,4.3,1.6,3
9.0,11.0,4.0,5.0,1.0,55.1,11.9,4.6,2.3,19.0,8.0,6.0,4.0,0.0,53.1,11.6,4.0,2.5,2
8.0,11.0,3.0,5.0,2.0,54.3,10.9,4.1,2.3,12.0,11.0,5.0,2.0,3.0,36.5,10.1,4.1,0.7,4
10.0,12.0,3.0,4.0,3.0,54.5,10.4,4.3,2.2,15.0,12.0,3.0,3.0,4.0,51.4,12.9,3.7,1.4,2
10.0,13.0,2.0,4.0,4.0,55.2,10.5,4.1,2.4,14.0,5.0,8.0,2.0,0.0,51.9,14.1,5.9,1.2,4
10.0,15.0,1.0,4.0,5.0,55.2,10.5,4.3,2.5,13.0,7.0,6.0,3.0,1.0,53.3,12.8,4.9,2.0,2
11.0,15.0,1.0,3.0,6.0,53.5,9.7,4.7,2.7,12.0,9.0,4.0,3.0,3.0,48.7,11.3,5.3,1.6,1
10.0,12.0,1.0,3.0,6.0,53.6,10.4,5.3,2.9,7.0,12.0,2.0,5.0,3.0,43.6,13.9,4.9,2.3,4
13.0,14.0,2.0,3.0,5.0,55.5,10.1,5.9,2.9,10.0,11.0,3.0,3.0,4.0,46.0,8.9,3.8,1.5,3
12.0,15.0,1.0,4.0,5.0,57.8,11.3,5.9,2.3,9.0,21.0,1.0,6.0,3.0,48.9,14.2,4.1,2.5,2
14.0,14.0,2.0,3.0,5.0,59.0,11.8,6.7,2.3,13.0,8.0,4.0,2.0,4.0,45.9,13.5,4.2,2.3,2
15.0,12.0,3.0,2.0,5.0,56.5,12.9,6.1,2.2,7.0,13.0,3.0,5.0,2.0,52.6,14.2,5.5,2.2,0
14.0,11.0,3.0,2.0,5.0,57.1,14.2,6.1,2.5,7.0,10.0,2.0,4.0,4.0,56.9,14.7,4.1,1.2,3
14.0,10.0,4.0,2.0,4.0,55.0,15.2,5.9,2.4,16.0,15.0,4.0,3.0,3.0,48.4,14.0,5.0,1.5,2
13.0,11.0,4.0,3.0,3.0,53.3,15.9,5.7,2.5,8.0,12.0,2.0,5.0,3.0,51.9,11.7,4.9,2.0,1
12.0,9.0,5.0,3.0,2.0,52.9,15.9,5.9,2.4,18.0,10.0,5.0,3.0,2.0,46.9,12.5,3.5,1.6,2
9.0,25.0,0.0,7.0,3.0,49.56,10.6,4.2,1.8,8.0,18.0,2.0,7.0,1.0,43.56,14.4,5.4,2.0,1
9.0,23.0,1.0,6.0,3.0,48.33,9.6,4.1,1.2,15.0,13.0,5.0,5.0,0.0,41.3,11.3,4.1,1.7,4
10.0,24.0,1.0,6.0,3.0,48.5,10.3,4.2,1.5,10.0,13.0,2.0,5.0,3.0,50.2,11.3,5.1,1.2,3
11.0,20.0,2.0,5.0,3.0,47.5,11.0,4.2,1.7,14.0,9.0,5.0,2.0,3.0,53.1,11.7,4.1,2.0,1
10.0,20.0,2.0,6.0,2.0,49.0,10.7,4.2,2.3,11.0,16.0,2.0,5.0,3.0,56.2,13.0,5.5,0.8,1
9.0,18.0,3.0,6.0,1.0,49.6,11.7,4.6,2.7,13.0,9.0,5.0,2.0,3.0,60.5,10.2,4.5,2.7,2
10.0,18.0,3.0,5.0,2.0,50.2,12.3,4.4,2.4,13.0,10.0,4.0,3.0,3.0,50.5,11.1,4.7,1.3,2
11.0,17.0,3.0,4.0,3.0,49.7,12.6,4.4,2.4,12.0,12.0,3.0,4.0,3.0,48.7,14.1,4.6,1.5,4
14.0,18.0,3.0,3.0,4.0,47.6,13.9,4.0,2.4,9.0,12.0,3.0,5.0,2.0,48.5,9.9,3.5,1.6,0
11.0,15.0,3.0,3.0,4.0,48.8,12.5,3.7,2.4,13.0,15.0,4.0,4.0,2.0,51.9,8.4,5.2,2.3,1
10.0,13.0,3.0,3.0,4.0,47.5,12.7,3.6,2.5,10.0,9.0,3.0,3.0,4.0,48.7,11.5,5.0,2.0,3
12.0,13.0,3.0,3.0,4.0,46.6,13.7,4.3,2.6,5.0,14.0,2.0,5.0,3.0,51.5,13.4,4.7,2.0,2
14.0,14.0,2.0,3.0,5.0,59.0,11.8,6.7,2.3,13.0,8.0,4.0,2.0,4.0,45.9,13.5,4.2,2.3,2
11.0,9.0,3.0,3.0,4.0,48.1,13.3,4.7,2.3,14.0,5.0,5.0,1.0,4.0,47.4,16.3,4.8,1.9,4
13.0,10.0,3.0,2.0,5.0,47.3,12.9,4.5,2.1,6.0,14.0,1.0,5.0,4.0,50.5,16.7,3.6,1.0,1
13.0,10.0,3.0,2.0,5.0,48.3,12.9,4.6,1.9,16.0,6.0,6.0,1.0,3.0,52.7,15.4,4.5,1.1,2
12.0,11.0,3.0,3.0,4.0,49.1,11.9,5.2,2.3,10.0,8.0,5.0,2.0,3.0,37.7,12.5,2.8,1.1,2
12.0,11.0,3.0,3.0,4.0,49.6,12.1,5.0,2.5,11.0,14.0,2.0,5.0,3.0,59.2,14.2,4.9,1.3,2
12.0,18.0,4.0,6.0,0.0,49.7,9.2,4.5,1.6,21.0,13.0,5.0,4.0,1.0,57.5,9.6,6.5,2.1,2
8.0,17.0,3.0,7.0,0.0,48.0,9.3,4.5,1.8,23.0,8.0,7.0,2.0,1.0,61.0,11.3,6.2,1.4,1
9.0,15.0,4.0,6.0,0.0,48.1,8.3,5.0,1.8,16.0,11.0,5.0,2.0,3.0,54.6,9.5,6.3,2.0,1
7.0,16.0,3.0,7.0,0.0,49.6,8.6,5.0,1.8,10.0,12.0,4.0,4.0,2.0,39.5,11.7,4.8,2.3,4
9.0,16.0,4.0,6.0,0.0,48.6,8.6,4.9,1.5,20.0,11.0,6.0,3.0,1.0,52.3,11.1,6.6,2.2,1
7.0,14.0,3.0,6.0,1.0,47.9,9.6,4.8,0.8,14.0,12.0,4.0,4.0,2.0,55.3,8.5,6.4,2.7,0
5.0,13.0,2.0,6.0,2.0,46.5,10.1,4.3,0.8,14.0,21.0,3.0,6.0,1.0,48.8,11.7,4.8,2.2,1
5.0,12.0,2.0,6.0,2.0,47.5,10.9,4.2,0.8,15.0,11.0,3.0,4.0,3.0,47.3,13.4,6.3,2.5,3
6.0,11.0,2.0,6.0,2.0,44.3,10.1,4.6,0.8,13.0,15.0,3.0,4.0,3.0,50.3,11.1,4.4,2.3,3
6.0,11.0,2.0,6.0,2.0,43.6,10.2,4.8,1.1,20.0,18.0,5.0,2.0,3.0,55.2,9.7,5.1,1.3,0
6.0,9.0,2.0,5.0,3.0,42.6,10.0,4.7,1.6,13.0,11.0,4.0,4.0,2.0,38.3,10.2,5.0,1.6,3
7.0,10.0,2.0,5.0,3.0,41.7,10.2,4.3,1.5,18.0,6.0,4.0,0.0,6.0,52.1,9.5,5.6,1.7,1
7.0,10.0,2.0,5.0,3.0,40.3,10.1,4.3,1.4,15.0,5.0,7.0,0.0,3.0,41.3,8.0,5.4,2.0,4
4.0,13.0,1.0,6.0,3.0,40.1,9.7,4.4,1.4,17.0,13.0,6.0,3.0,1.0,57.4,9.2,4.9,0.8,3
5.0,14.0,1.0,6.0,3.0,40.1,9.2,5.3,1.5,14.0,13.0,4.0,6.0,0.0,44.5,9.8,3.9,1.8,4
6.0,19.0,1.0,7.0,2.0,40.5,9.5,5.0,1.5,10.0,14.0,2.0,4.0,4.0,38.9,9.5,3.5,1.0,0
6.0,19.0,1.0,7.0,2.0,40.4,9.5,4.5,1.9,18.0,9.0,4.0,2.0,4.0,55.2,11.8,7.0,2.5,2
7.0,19.0,1.0,6.0,3.0,37.8,8.5,4.8,2.2,13.0,14.0,5.0,3.0,2.0,43.1,12.3,5.8,1.0,2
6.0,19.0,1.0,6.0,3.0,43.8,9.6,4.8,2.6,10.0,14.0,2.0,6.0,2.0,43.5,10.8,4.8,1.9,3
6.0,19.0,1.0,6.0,3.0,43.2,9.2,4.6,2.4,7.0,17.0,2.0,7.0,1.0,52.0,10.9,6.7,1.9,1
7.0,19.0,2.0,6.0,2.0,42.9,9.9,4.7,1.8,10.0,11.0,4.0,4.0,2.0,34.1,12.2,3.7,1.2,1
19.0,15.0,4.0,4.0,2.0,51.65,8.6,2.9,1.3,22.0,14.0,7.0,3.0,0.0,55.96,13.0,5.9,1.5,3
18.0,15.0,4.0,5.0,1.0,50.52,9.5,3.3,1.2,10.0,22.0,1.0,6.0,3.0,45.68,12.1,3.9,3.0,2
14.0,14.0,4.0,5.0,1.0,51.25,12.3,4.3,1.3,14.0,9.0,6.0,1.0,3.0,49.01,9.1,6.0,1.6,4
12.0,17.0,3.0,6.0,1.0,51.91,12.6,4.7,1.3,5.0,16.0,0.0,7.0,3.0,48.28,12.3,4.6,1.6,4
15.0,17.0,4.0,5.0,1.0,52.12,12.8,4.7,1.3,11.0,8.0,6.0,2.0,2.0,59.41,10.5,4.0,2.3,0
12.0,19.0,3.0,6.0,1.0,45.97,12.1,4.3,1.1,13.0,12.0,3.0,3.0,4.0,51.03,12.9,5.7,1.2,3
13.0,17.0,3.0,5.0,2.0,47.31,12.4,4.9,1.7,17.0,14.0,5.0,3.0,2.0,51.46,10.6,5.4,1.1,4
12.0,15.0,2.0,4.0,4.0,47.64,13.0,5.2,1.1,16.0,16.0,4.0,3.0,3.0,53.97,10.7,5.5,1.0,1
11.0,19.0,2.0,4.0,4.0,44.54,14.6,4.8,1.2,10.0,13.0,2.0,5.0,3.0,58.84,9.6,6.2,1.6,4
17.0,19.0,3.0,3.0,4.0,44.44,13.8,5.2,1.0,18.0,13.0,5.0,3.0,2.0,49.53,14.3,5.4,1.9,2
18.0,20.0,3.0,3.0,4.0,44.83,13.1,5.3,1.2,12.0,9.0,3.0,3.0,4.0,57.35,12.2,4.8,2.0,1
15.0,12.0,4.0,2.0,4.0,49.72,13.6,6.3,1.3,12.0,14.0,4.0,2.0,4.0,49.35,12.4,5.4,2.1,4
10.0,16.0,4.0,5.0,1.0,49.96,14.8,6.3,1.0,18.0,8.0,4.0,2.0,4.0,56.94,14.2,7.0,1.6,4
15.0,14.0,5.0,3.0,2.0,45.67,13.7,6.5,1.1,18.0,13.0,5.0,1.0,4.0,52.74,11.9,5.9,2.2,1
16.0,14.0,5.0,3.0,2.0,44.02,13.8,6.5,0.9,14.0,9.0,6.0,3.0,1.0,55.54,9.9,7.0,2.1,3
17.0,11.0,6.0,4.0,0.0,45.83,14.8,6.8,0.9,6.0,11.0,1.0,4.0,5.0,39.77,13.8,4.3,1.5,4
19.0,9.0,7.0,3.0,0.0,46.01,14.7,7.6,1.0,13.0,14.0,4.0,3.0,3.0,56.32,12.0,5.1,0.9,1
16.0,8.0,6.0,4.0,0.0,45.88,14.9,7.4,1.1,18.0,17.0,6.0,4.0,0.0,52.26,10.8,3.9,2.2,4
17.0,8.0,6.0,3.0,1.0,43.88,14.8,6.7,1.2,15.0,16.0,2.0,5.0,3.0,56.71,8.5,5.2,0.9,1
15.0,8.0,6.0,3.0,1.0,42.89,14.2,6.2,1.2,11.0,8.0,4.0,2.0,4.0,52.08,10.6,5.3,1.2,3
16.0,9.0,6.0,3.0,1.0,43.06,15.2,5.7,1.4,14.0,13.0,4.0,4.0,2.0,43.61,13.4,5.0,2.2,1
12.0,16.0,2.0,6.0,2.0,42.25,13.9,5.2,1.8,16.0,10.0,5.0,3.0,2.0,40.27,11.8,4.0,1.5,4
12.0,18.0,1.0,6.0,3.0,46.5,13.7,5.2,1.7,7.0,2.0,4.0,1.0,5.0,44.6,12.0,3.9,1.2,4
11.0,9.0,3.0,3.0,4.0,46.4,12.9,4.4,1.7,11.0,7.0,6.0,2.0,2.0,58.5,10.7,5.1,2.2,1
10.0,9.0,3.0,4.0,3.0,46.9,13.2,5.3,1.6,9.0,14.0,2.0,6.0,2.0,52.8,13.9,4.0,2.0,2
10.0,7.0,3.0,3.0,4.0,47.9,13.8,5.4,1.7,11.0,5.0,6.0,3.0,1.0,50.6,9.2,5.6,1.7,2
11.0,7.0,3.0,1.0,6.0,48.8,13.3,5.2,1.5,17.0,6.0,7.0,2.0,1.0,49.8,13.8,5.4,1.7,1
8.0,6.0,2.0,2.0,6.0,49.3,14.5,5.3,0.8,7.0,12.0,4.0,6.0,0.0,48.4,9.9,4.4,1.6,1
8.0,7.0,2.0,3.0,5.0,47.5,13.9,5.3,1.0,14.0,25.0,3.0,7.0,0.0,48.2,7.3,3.8,1.6,3
14.0,16.0,3.0,3.0,4.0,49.0,13.2,4.5,0.9,18.0,11.0,5.0,2.0,3.0,53.2,10.8,6.0,0.5,2
12.0,17.0,2.0,4.0,4.0,50.2,12.9,4.2,1.0,10.0,15.0,4.0,5.0,1.0,51.4,9.8,4.9,2.0,3
8.0,17.0,2.0,5.0,3.0,49.5,11.8,6.1,1.7,17.0,20.0,3.0,5.0,2.0,45.4,9.0,4.9,1.6,2
8.0,11.0,3.0,4.0,3.0,49.8,11.5,6.2,1.6,22.0,15.0,5.0,0.0,5.0,49.7,11.0,4.7,1.8,3
7.0,13.0,2.0,5.0,3.0,47.3,10.6,6.5,1.6,17.0,16.0,4.0,5.0,1.0,50.3,10.9,4.9,0.9,2
8.0,10.0,3.0,4.0,3.0,48.4,9.6,6.7,1.5,15.0,12.0,4.0,4.0,2.0,38.1,11.8,4.9,2.0,3
7.0,10.0,3.0,5.0,2.0,50.7,8.5,6.5,0.9,8.0,16.0,2.0,4.0,4.0,45.3,10.3,4.5,2.8,2
10.0,7.0,5.0,4.0,1.0,48.2,9.2,6.0,0.9,12.0,17.0,4.0,5.0,1.0,49.4,12.4,4.6,1.2,1
9.0,9.0,4.0,5.0,1.0,47.7,9.4,5.6,1.2,11.0,9.0,5.0,3.0,2.0,47.7,9.5,5.2,2.1,0
8.0,7.0,4.0,4.0,2.0,48.1,10.6,5.3,1.2,23.0,8.0,7.0,0.0,3.0,51.4,10.3,5.7,1.7,3
8.0,14.0,2.0,5.0,3.0,47.2,10.8,4.7,1.3,18.0,18.0,3.0,4.0,3.0,55.7,8.2,5.7,1.3,3
14.0,15.0,5.0,4.0,1.0,43.6,10.5,3.2,1.0,17.0,3.0,8.0,1.0,1.0,59.4,12.2,5.8,1.9,1
13.0,12.0,6.0,3.0,1.0,44.2,10.5,3.8,1.4,16.0,9.0,6.0,1.0,3.0,49.6,11.7,6.7,1.0,1
11.0,11.0,5.0,4.0,1.0,45.1,9.6,4.6,1.2,7.0,22.0,1.0,8.0,1.0,47.9,9.9,4.2,2.4,3
9.0,13.0,4.0,5.0,1.0,45.1,9.4,5.3,1.2,10.0,12.0,3.0,5.0,2.0,44.3,10.6,5.4,2.0,3
8.0,13.0,4.0,5.0,1.0,46.3,9.8,5.5,1.3,18.0,10.0,6.0,1.0,3.0,58.0,10.6,4.3,1.4,4
11.0,14.0,3.0,4.0,3.0,46.7,8.2,6.0,1.3,7.0,11.0,4.0,5.0,1.0,48.1,11.4,4.6,1.3,1
13.0,13.0,3.0,3.0,4.0,47.6,8.9,5.6,1.4,9.0,7.0,3.0,1.0,6.0,53.5,13.0,5.7,0.8,2
13.0,14.0,2.0,3.0,5.0,49.5,8.5,6.1,1.2,11.0,10.0,5.0,3.0,2.0,48.8,13.4,4.1,1.6,3
13.0,12.0,3.0,2.0,5.0,50.11,8.8,5.4,1.1,8.0,18.0,2.0,5.0,3.0,43.7,10.9,5.1,1.4,0
12.0,11.0,3.0,2.0,5.0,50.22,9.7,5.6,1.2,11.0,14.0,2.0,3.0,5.0,45.7,10.6,3.8,1.1,4
14.0,10.0,4.0,1.0,5.0,50.56,9.7,6.1,1.3,14.0,16.0,4.0,5.0,1.0,46.9,8.7,4.0,0.9,3
16.0,10.0,4.0,1.0,5.0,49.56,9.6,6.5,1.3,9.0,11.0,4.0,6.0,0.0,45.7,10.8,4.6,1.4,2
15.0,10.0,4.0,1.0,5.0,48.67,10.3,6.2,1.5,13.0,12.0,5.0,3.0,2.0,59.7,10.3,6.5,0.9,4
14.0,10.0,4.0,2.0,4.0,47.33,9.9,6.4,1.5,11.0,11.0,4.0,4.0,2.0,55.4,11.8,6.8,2.2,2
14.0,12.0,4.0,3.0,3.0,48.33,9.4,6.7,1.3,16.0,9.0,6.0,1.0,3.0,47.0,12.8,5.5,1.4,2
14.0,11.0,4.0,3.0,3.0,47.0,9.3,5.6,1.1,13.0,9.0,5.0,2.0,3.0,50.7,11.4,5.3,1.4,3
15.0,11.0,5.0,3.0,2.0,47.0,10.1,5.2,1.0,11.0,14.0,3.0,5.0,2.0,43.2,9.4,4.1,1.6,4
17.0,13.0,5.0,3.0,2.0,44.89,10.1,5.4,0.7,13.0,9.0,5.0,3.0,2.0,39.7,11.0,4.4,1.3,0
15.0,12.0,4.0,3.0,3.0,45.6,10.2,6.4,0.8,4.0,9.0,2.0,5.0,3.0,55.1,10.1,3.6,1.8,4
19.0,13.0,5.0,3.0,2.0,44.7,9.7,6.3,0.7,14.0,8.0,6.0,2.0,2.0,41.9,10.4,5.0,1.8,3
17.0,14.0,4.0,4.0,2.0,39.4,8.8,5.7,0.6,7.0,13.0,3.0,5.0,2.0,46.2,10.6,5.0,1.2,2
15.0,15.0,3.0,4.0,3.0,40.5,8.6,6.0,0.9,12.0,11.0,3.0,3.0,4.0,48.8,10.8,4.8,1.2,3
16.0,15.0,3.0,4.0,3.0,40.3,8.2,5.5,1.1,7.0,15.0,2.0,5.0,3.0,49.3,8.5,4.7,1.9,1
15.0,12.0,4.0,3.0,3.0,39.4,8.2,5.7,1.3,6.0,12.0,3.0,4.0,3.0,37.3,10.1,3.8,1.1,3
18.0,10.0,5.0,2.0,3.0,39.1,7.9,6.2,1.5,10.0,15.0,4.0,5.0,1.0,49.2,7.0,4.7,1.4,3
17.0,12.0,4.0,3.0,3.0,39.8,7.6,6.2,1.6,11.0,13.0,2.0,4.0,4.0,46.2,11.6,4.6,1.2,2
17.0,11.0,4.0,3.0,3.0,40.2,7.8,6.0,1.7,14.0,20.0,4.0,5.0,1.0,46.0,9.3,4.2,1.1,4
17.0,9.0,5.0,3.0,2.0,41.2,7.6,5.6,2.0,9.0,18.0,1.0,7.0,2.0,50.8,10.7,4.5,3.0,1
18.0,9.0,6.0,3.0,1.0,40.3,7.4,5.1,2.0,10.0,17.0,2.0,5.0,3.0,46.4,12.3,4.3,2.3,4
19.0,9.0,6.0,3.0,1.0,41.3,6.8,5.0,2.0,16.0,17.0,3.0,5.0,2.0,51.5,9.9,4.9,1.2,1
18.0,8.0,6.0,3.0,1.0,46.3,7.8,5.7,2.1,6.0,7.0,3.0,3.0,4.0,45.4,12.6,3.9,2.1,0
17.0,7.0,6.0,3.0,1.0,46.2,8.4,5.6,1.8,16.0,11.0,4.0,2.0,4.0,51.7,11.5,4.0,0.6,4
16.0,9.0,6.0,3.0,1.0,47.8,8.2,5.8,1.8,12.0,9.0,5.0,2.0,3.0,44.2,11.7,4.0,1.9,1
10.0,15.0,3.0,6.0,1.0,47.9,15.1,3.1,1.9,15.0,12.0,6.0,4.0,0.0,52.33,17.3,6.8,1.8,1
6.0,20.0,0.0,7.0,3.0,46.6,14.4,5.2,2.4,9.0,10.0,4.0,5.0,1.0,50.5,18.0,5.5,2.2,4
8.0,24.0,0.0,7.0,3.0,42.28,15.6,4.9,1.5,24.0,10.0,9.0,1.0,0.0,51.9,19.2,6.6,2.9,2
12.0,19.0,2.0,4.0,4.0,42.25,15.2,5.3,1.1,13.0,9.0,4.0,2.0,4.0,54.42,16.1,7.1,1.9,3
14.0,12.0,4.0,2.0,4.0,49.14,17.8,6.5,1.3,13.0,11.0,6.0,3.0,1.0,52.96,16.9,5.1,2.2,2
9.0,10.0,3.0,3.0,4.0,52.28,17.5,4.9,2.3,15.0,6.0,6.0,0.0,4.0,46.03,22.4,5.3,2.9,4
10.0,9.0,3.0,3.0,4.0,47.92,14.9,3.8,2.0,11.0,8.0,4.0,2.0,4.0,55.52,15.1,7.1,3.0,3
13.0,11.0,3.0,4.0,3.0,47.7,14.1,5.1,1.7,18.0,10.0,7.0,1.0,2.0,54.0,15.1,4.4,1.4,2
13.0,8.0,3.0,2.0,5.0,43.4,13.7,5.2,1.7,17.0,7.0,7.0,2.0,1.0,43.2,15.0,4.2,1.5,3
14.0,13.0,3.0,4.0,3.0,44.0,12.9,6.1,1.6,11.0,13.0,3.0,5.0,2.0,50.7,15.0,5.2,1.4,1
21.0,10.0,6.0,2.0,2.0,48.0,14.4,5.9,0.8,17.0,17.0,3.0,4.0,3.0,50.0,12.4,6.3,1.0,1
17.0,5.0,7.0,1.0,2.0,44.5,17.6,3.7,1.1,13.0,10.0,5.0,4.0,1.0,42.4,14.2,6.4,1.4,1
13.0,6.0,6.0,2.0,2.0,49.7,19.5,4.0,1.2,24.0,7.0,9.0,1.0,0.0,53.3,12.4,5.3,2.1,3
15.0,3.0,8.0,1.0,1.0,43.1,13.0,6.1,1.5,15.0,7.0,6.0,1.0,3.0,35.6,13.9,4.7,1.5,4
14.0,7.0,7.0,2.0,1.0,41.9,12.6,7.8,2.1,11.0,5.0,7.0,1.0,2.0,30.0,16.5,5.6,1.7,1
18.0,10.0,6.0,3.0,1.0,34.9,10.4,6.6,2.2,14.0,7.0,5.0,3.0,2.0,54.9,11.7,6.9,3.7,3
14.0,7.0,5.0,4.0,1.0,37.0,11.3,6.1,1.6,13.0,14.0,6.0,2.0,2.0,47.8,12.2,3.9,1.6,2
14.0,7.0,5.0,4.0,1.0,36.7,10.8,5.5,1.8,15.0,7.0,5.0,2.0,3.0,30.7,9.8,5.4,1.0,1
14.0,7.0,5.0,4.0,1.0,36.0,10.6,5.1,1.7,6.0,15.0,3.0,4.0,3.0,46.4,11.8,4.7,1.3,0
14.0,8.0,5.0,3.0,2.0,35.2,10.2,4.5,1.5,10.0,12.0,4.0,4.0,2.0,46.5,14.5,4.8,1.4,1
15.0,7.0,6.0,2.0,2.0,39.2,12.9,4.4,1.4,8.0,12.0,3.0,5.0,2.0,41.0,11.1,5.3,1.5,1
11.0,5.0,6.0,2.0,2.0,47.4,14.2,4.7,1.4,18.0,11.0,6.0,4.0,0.0,58.8,10.2,6.1,1.7,4
12.0,8.0,6.0,3.0,1.0,46.3,14.4,4.4,1.6,14.0,17.0,3.0,4.0,3.0,48.7,12.3,4.3,1.8,1
13.0,7.0,7.0,2.0,1.0,47.4,15.3,4.3,1.9,14.0,13.0,5.0,4.0,1.0,57.6,13.4,6.1,2.2,1
13.0,7.0,7.0,2.0,1.0,48.0,16.0,4.7,1.5,9.0,13.0,3.0,3.0,4.0,43.7,11.2,4.2,1.5,3
12.0,8.0,6.0,3.0,1.0,47.2,16.1,4.3,1.1,17.0,9.0,7.0,2.0,1.0,53.1,10.5,6.4,1.4,1
7.0,12.0,4.0,5.0,1.0,39.8,11.4,5.1,1.3,12.0,11.0,3.0,3.0,4.0,47.6,13.9,6.1,0.7,0
7.0,11.0,4.0,4.0,2.0,38.4,11.6,5.0,1.7,9.0,12.0,3.0,4.0,3.0,45.1,14.2,3.8,1.4,0
17.0,18.0,5.0,5.0,0.0,41.8,13.1,5.2,2.6,7.0,14.0,1.0,7.0,2.0,30.2,11.0,5.1,0.7,4
15.0,20.0,4.0,6.0,0.0,35.4,11.5,4.2,2.1,19.0,9.0,7.0,1.0,2.0,48.6,11.6,5.5,3.1,2
10.0,17.0,3.0,7.0,0.0,35.2,12.8,4.8,1.7,21.0,11.0,5.0,2.0,3.0,59.2,12.5,5.4,2.4,4
8.0,19.0,3.0,7.0,0.0,36.9,11.7,5.2,2.1,11.0,6.0,6.0,2.0,2.0,41.6,15.9,4.9,1.9,2
7.0,19.0,2.0,7.0,1.0,42.0,13.0,5.5,2.3,13.0,13.0,3.0,3.0,4.0,46.2,13.6,4.6,1.1,0
15.0,14.0,4.0,4.0,2.0,42.8,12.9,4.7,1.6,16.0,11.0,7.0,2.0,1.0,53.4,18.3,5.2,1.8,4
17.0,13.0,4.0,4.0,2.0,41.7,13.6,4.1,2.0,9.0,19.0,2.0,6.0,2.0,46.7,13.4,3.9,2.5,3
20.0,10.0,6.0,2.0,2.0,46.7,16.0,4.3,2.4,13.0,13.0,3.0,6.0,1.0,50.1,12.0,7.0,1.8,2
22.0,11.0,7.0,1.0,2.0,50.78,13.1,5.2,2.6,14.0,15.0,3.0,3.0,4.0,41.3,15.0,3.8,2.3,2
14.0,11.0,4.0,3.0,3.0,50.55,13.6,4.5,1.7,26.0,16.0,7.0,2.0,1.0,48.93,15.4,5.9,1.7,3
15.0,9.0,5.0,3.0,2.0,49.89,13.0,4.5,1.6,15.0,23.0,2.0,7.0,1.0,49.22,15.0,4.7,1.6,4
19.0,9.0,6.0,3.0,1.0,51.79,12.4,5.2,1.8,13.0,12.0,4.0,4.0,2.0,50.78,9.8,5.4,1.4,2
18.0,10.0,5.0,4.0,1.0,54.96,11.9,6.4,1.7,16.0,18.0,4.0,3.0,3.0,53.4,14.8,6.2,1.5,2
16.0,10.0,5.0,5.0,0.0,50.76,12.6,5.9,1.8,21.0,17.0,6.0,2.0,2.0,47.7,13.0,4.9,2.1,4
18.0,8.0,5.0,5.0,0.0,52.02,12.8,5.9,1.7,22.0,6.0,8.0,2.0,0.0,51.0,11.5,5.3,1.4,4
18.0,9.0,5.0,4.0,1.0,54.76,12.6,5.6,2.0,20.0,15.0,5.0,3.0,2.0,48.0,10.9,4.6,2.6,3
17.0,10.0,5.0,4.0,1.0,53.0,12.3,3.8,2.3,8.0,15.0,1.0,5.0,4.0,50.8,13.2,5.6,2.0,2
19.0,8.0,6.0,3.0,1.0,56.1,11.6,4.5,2.1,10.0,11.0,2.0,3.0,5.0,42.19,12.7,4.5,1.2,3
17.0,8.0,6.0,3.0,1.0,56.7,11.4,4.7,2.0,6.0,15.0,0.0,7.0,3.0,49.9,13.9,5.1,2.0,1
17.0,8.0,6.0,3.0,1.0,57.3,11.2,4.2,2.0,22.0,11.0,5.0,3.0,2.0,59.1,14.3,6.7,2.2,4
17.0,10.0,6.0,3.0,1.0,56.8,10.5,4.4,2.0,15.0,17.0,3.0,4.0,3.0,46.0,13.3,4.8,2.2,4
19.0,8.0,7.0,3.0,0.0,57.8,10.4,5.4,2.1,16.0,15.0,2.0,2.0,6.0,51.5,10.8,6.2,1.2,4
20.0,10.0,6.0,3.0,1.0,57.1,10.4,5.5,1.9,21.0,19.0,5.0,2.0,3.0,55.6,12.8,9.0,2.4,4
22.0,10.0,6.0,3.0,1.0,56.9,11.0,5.5,2.0,14.0,14.0,3.0,2.0,5.0,44.8,11.5,4.2,0.6,4
21.0,11.0,4.0,2.0,4.0,54.8,12.7,4.9,1.6,21.0,18.0,5.0,3.0,2.0,52.8,12.9,5.5,1.0,1
20.0,13.0,4.0,2.0,4.0,52.5,13.2,5.5,2.0,27.0,8.0,7.0,1.0,2.0,45.78,10.6,5.2,2.1,4
26.0,13.0,5.0,1.0,4.0,50.78,14.0,5.1,1.8,27.0,8.0,9.0,1.0,0.0,57.67,16.1,7.7,2.3,3
17.0,13.0,6.0,4.0,0.0,47.74,10.1,5.7,1.4,17.0,10.0,6.0,2.0,2.0,54.78,15.4,6.7,2.7,2
16.0,12.0,6.0,4.0,0.0,49.67,9.8,5.6,1.6,10.0,9.0,4.0,2.0,4.0,54.32,13.4,7.4,1.5,0
12.0,10.0,5.0,4.0,1.0,49.58,10.5,5.5,1.8,12.0,7.0,4.0,3.0,3.0,43.56,12.3,4.0,1.3,4
13.0,13.0,5.0,4.0,1.0,48.9,11.1,5.5,1.7,11.0,15.0,3.0,4.0,3.0,46.04,14.1,4.2,1.7,4
15.0,13.0,6.0,3.0,1.0,49.72,10.8,5.8,1.6,7.0,7.0,3.0,2.0,5.0,46.44,12.8,3.5,1.4,4
18.0,14.0,6.0,2.0,2.0,50.53,10.7,5.8,1.5,14.0,16.0,3.0,4.0,3.0,47.1,14.6,4.6,1.7,4
19.0,16.0,5.0,2.0,3.0,50.88,11.0,6.1,1.7,12.0,14.0,3.0,5.0,2.0,44.17,12.2,3.6,1.1,2
15.0,20.0,3.0,3.0,4.0,52.13,10.6,5.8,1.3,13.0,15.0,2.0,5.0,3.0,56.75,11.6,7.0,1.5,4
16.0,23.0,3.0,4.0,3.0,51.94,10.6,5.6,1.2,24.0,10.0,8.0,0.0,2.0,51.21,13.4,5.9,1.9,2
15.0,23.0,2.0,4.0,4.0,51.89,10.7,5.7,1.0,14.0,16.0,3.0,3.0,4.0,56.41,10.7,5.2,1.5,3
16.0,20.0,2.0,4.0,4.0,51.0,9.4,5.1,1.2,14.0,14.0,2.0,4.0,4.0,48.2,12.8,3.2,1.3,3
15.0,22.0,2.0,6.0,2.0,51.7,9.7,4.8,1.0,14.0,13.0,5.0,3.0,2.0,56.5,11.0,6.2,1.8,4
22.0,18.0,3.0,4.0,3.0,53.9,10.1,4.9,1.8,15.0,17.0,3.0,4.0,3.0,51.7,11.1,5.3,1.9,1
22.0,15.0,4.0,3.0,3.0,54.1,9.5,5.1,2.0,20.0,12.0,6.0,3.0,1.0,57.5,12.6,6.3,2.3,2
21.0,16.0,4.0,4.0,2.0,55.6,9.2,4.8,2.2,9.0,12.0,4.0,5.0,1.0,49.5,11.1,3.8,1.5,2
22.0,14.0,5.0,3.0,2.0,57.2,10.2,4.4,2.1,14.0,19.0,1.0,4.0,5.0,43.7,12.2,4.5,2.1,4
22.0,13.0,5.0,3.0,2.0,59.3,10.7,5.0,2.0,15.0,19.0,2.0,4.0,4.0,42.2,13.9,4.2,1.3,4
21.0,14.0,5.0,2.0,3.0,58.3,10.9,4.8,1.7,13.0,17.0,2.0,5.0,3.0,46.7,13.1,4.8,0.8,1
21.0,9.0,5.0,0.0,5.0,57.0,9.7,5.6,1.2,12.0,26.0,2.0,5.0,3.0,42.9,10.8,4.6,1.6,1
18.0,9.0,5.0,0.0,5.0,57.5,9.6,5.8,1.4,21.0,10.0,6.0,2.0,2.0,48.3,11.1,3.8,1.6,2
17.0,7.0,6.0,1.0,3.0,56.1,9.0,5.6,1.0,24.0,20.0,5.0,2.0,3.0,48.0,9.8,6.2,1.8,4
20.0,10.0,6.0,1.0,3.0,58.0,9.7,6.5,1.0,23.0,21.0,5.0,5.0,0.0,47.8,9.6,5.1,0.7,1
19.0,11.0,5.0,2.0,3.0,56.1,10.6,6.6,1.3,14.0,22.0,3.0,6.0,1.0,53.4,10.6,4.8,0.7,4
18.0,12.0,4.0,2.0,4.0,56.6,10.0,6.2,1.7,15.0,19.0,2.0,5.0,3.0,60.0,12.3,6.5,1.9,2
17.0,13.0,3.0,2.0,5.0,57.0,10.8,6.5,1.8,23.0,16.0,4.0,3.0,3.0,51.5,13.5,5.0,1.6,4
19.0,11.0,4.0,1.0,5.0,57.0,10.2,5.9,2.2,14.0,13.0,5.0,5.0,0.0,46.2,10.8,3.2,1.4,4
21.0,13.0,4.0,1.0,5.0,57.2,10.7,5.5,2.2,22.0,15.0,4.0,2.0,4.0,54.2,12.4,6.5,2.2,4
22.0,13.0,4.0,1.0,5.0,57.1,10.7,5.4,2.1,22.0,5.0,9.0,0.0,1.0,47.0,12.9,3.9,1.8,4
21.0,16.0,3.0,2.0,5.0,57.9,11.3,5.3,2.1,22.0,17.0,5.0,3.0,2.0,54.1,10.7,5.6,1.9,4
22.0,17.0,3.0,2.0,5.0,57.9,11.2,5.0,1.9,13.0,17.0,5.0,4.0,1.0,50.8,13.0,3.2,2.0,2
21.0,17.0,3.0,2.0,5.0,57.2,11.2,4.5,1.6,18.0,14.0,5.0,4.0,1.0,55.5,8.8,5.9,1.6,3
20.0,17.0,3.0,3.0,4.0,53.9,11.5,4.3,1.5,14.0,14.0,5.0,3.0,2.0,47.4,11.2,4.3,1.7,2
21.0,16.0,4.0,3.0,3.0,56.0,11.0,4.2,1.4,21.0,14.0,6.0,3.0,1.0,57.8,10.0,5.6,1.6,3
20.0,16.0,4.0,4.0,2.0,54.5,12.2,3.8,1.6,11.0,19.0,1.0,6.0,3.0,51.0,14.5,5.3,2.1,4
19.0,21.0,4.0,5.0,1.0,53.8,11.0,4.1,1.6,22.0,14.0,4.0,2.0,4.0,51.3,11.4,6.7,1.9,4
20.0,20.0,4.0,4.0,2.0,53.9,10.3,3.6,1.6,32.0,7.0,8.0,0.0,2.0,51.0,13.0,6.4,1.4,4
19.0,22.0,3.0,4.0,3.0,52.2,10.2,4.0,1.4,11.0,18.0,2.0,5.0,3.0,44.7,13.4,3.0,1.9,0
18.0,16.0,4.0,3.0,3.0,51.9,9.8,4.6,1.6,19.0,11.0,6.0,2.0,2.0,50.6,10.4,5.9,1.6,2
15.0,19.0,2.0,4.0,4.0,56.0,11.6,5.3,1.2,13.0,16.0,2.0,4.0,4.0,46.1,14.9,4.4,1.4,2
15.0,18.0,2.0,3.0,5.0,59.22,10.2,5.7,1.0,11.0,21.0,3.0,6.0,1.0,47.0,11.3,4.8,1.1,0
11.0,16.0,1.0,3.0,6.0,60.11,11.4,5.6,0.9,19.0,19.0,4.0,3.0,3.0,49.3,13.1,4.1,2.0,3
16.0,8.0,5.0,1.0,4.0,56.3,9.9,4.6,0.6,17.0,23.0,3.0,7.0,0.0,53.44,11.2,5.8,1.3,2
12.0,7.0,3.0,3.0,4.0,58.78,10.3,5.4,1.0,15.0,10.0,5.0,3.0,2.0,44.78,12.6,4.8,2.1,4
15.0,8.0,4.0,3.0,3.0,56.44,10.7,5.9,1.3,15.0,15.0,4.0,3.0,3.0,49.33,12.2,4.6,1.6,3
21.0,9.0,6.0,3.0,1.0,55.0,9.6,5.6,1.5,20.0,14.0,6.0,4.0,0.0,55.7,11.5,5.6,1.2,4
24.0,11.0,7.0,3.0,0.0,58.0,11.2,5.6,1.8,14.0,17.0,4.0,6.0,0.0,51.3,11.9,4.4,2.4,1
22.0,14.0,6.0,3.0,1.0,56.6,12.1,5.4,1.7,15.0,10.0,5.0,2.0,3.0,51.0,9.6,5.6,1.6,0
20.0,14.0,5.0,3.0,2.0,55.7,11.8,5.2,1.5,9.0,24.0,0.0,7.0,3.0,47.6,12.6,3.2,2.5,0
16.0,12.0,4.0,3.0,3.0,58.7,11.9,5.2,1.6,11.0,17.0,4.0,4.0,2.0,38.11,12.6,4.3,1.4,4
17.0,12.0,4.0,2.0,4.0,58.7,14.2,5.6,2.0,19.0,8.0,6.0,2.0,2.0,56.0,13.9,5.3,1.3,4
14.0,15.0,3.0,3.0,4.0,57.2,13.7,5.5,1.9,14.0,14.0,4.0,4.0,2.0,54.1,11.1,6.0,1.1,0
13.0,11.0,3.0,2.0,5.0,55.2,12.6,5.5,1.8,18.0,23.0,2.0,6.0,2.0,51.0,12.1,5.0,1.4,1
13.0,12.0,3.0,3.0,4.0,55.2,11.5,7.4,2.6,13.0,14.0,3.0,5.0,2.0,49.0,11.9,5.2,1.4,4
18.0,15.0,4.0,3.0,3.0,52.4,11.7,7.2,2.8,16.0,18.0,3.0,5.0,2.0,48.0,12.8,4.6,1.3,1
15.0,15.0,3.0,4.0,3.0,51.6,10.8,8.1,3.4,8.0,19.0,1.0,6.0,3.0,49.67,12.9,3.5,1.3,4
16.0,14.0,4.0,4.0,2.0,50.9,10.7,7.8,3.1,18.0,13.0,6.0,4.0,0.0,58.4,11.1,5.2,2.2,1
15.0,12.0,4.0,4.0,2.0,48.7,10.3,7.3,3.1,10.0,18.0,2.0,4.0,4.0,50.25,10.9,4.8,1.7,4
13.0,9.0,5.0,2.0,3.0,45.6,11.6,3.5,0.9,12.0,14.0,4.0,5.0,1.0,48.8,8.1,6.3,2.1,2
12.0,10.0,5.0,3.0,2.0,45.7,11.8,3.6,1.1,19.0,11.0,6.0,4.0,0.0,50.89,9.0,5.5,1.1,3
10.0,11.0,4.0,4.0,2.0,46.0,10.1,3.8,1.2,12.0,12.0,3.0,6.0,1.0,53.78,6.0,3.8,0.8,3
10.0,13.0,3.0,5.0,2.0,45.7,10.0,4.2,1.1,9.0,13.0,2.0,4.0,4.0,44.7,8.4,5.5,1.8,0
10.0,12.0,4.0,5.0,1.0,44.33,10.8,4.4,1.0,24.0,12.0,5.0,3.0,2.0,56.7,5.4,3.9,0.8,4
11.0,14.0,4.0,5.0,1.0,43.56,10.5,4.1,1.2,16.0,17.0,4.0,4.0,2.0,51.67,8.8,5.0,2.2,4
14.0,13.0,4.0,5.0,1.0,40.0,10.0,4.4,1.2,15.0,9.0,5.0,1.0,4.0,47.6,8.3,4.4,1.3,4
18.0,4.0,8.0,1.0,1.0,52.2,12.9,4.2,4.8,33.0,9.0,9.0,1.0,0.0,57.6,12.1,6.9,2.9,2
16.0,6.0,7.0,2.0,1.0,52.5,12.6,4.4,3.8,29.0,9.0,9.0,1.0,0.0,56.4,13.0,7.3,3.0,2
11.0,12.0,4.0,4.0,2.0,47.1,15.0,5.9,1.6,13.0,8.0,6.0,3.0,1.0,51.8,12.7,4.3,3.8,2
15.0,7.0,7.0,2.0,1.0,51.6,11.9,4.0,3.2,16.0,9.0,6.0,1.0,3.0,49.8,15.0,3.9,2.4,1
13.0,7.0,7.0,2.0,1.0,50.0,12.3,4.1,2.7,16.0,23.0,2.0,6.0,2.0,49.4,13.4,6.0,2.2,2
13.0,6.0,8.0,2.0,0.0,52.8,11.9,4.4,2.9,14.0,16.0,3.0,4.0,3.0,45.6,16.3,4.2,3.1,1
12.0,7.0,7.0,2.0,1.0,53.0,10.5,5.0,2.7,6.0,19.0,0.0,6.0,4.0,48.6,14.5,4.5,1.0,4
14.0,7.0,4.0,3.0,3.0,47.33,15.4,6.2,2.5,13.0,10.0,6.0,3.0,1.0,54.89,9.2,5.6,2.9,4
11.0,13.0,6.0,3.0,1.0,54.22,9.7,5.4,2.7,10.0,18.0,2.0,5.0,3.0,47.33,14.5,4.5,0.7,1
18.0,6.0,5.0,4.0,1.0,47.44,15.4,4.9,2.5,12.0,11.0,7.0,2.0,1.0,56.11,10.1,6.1,2.5,4
14.0,12.0,7.0,2.0,1.0,56.67,10.3,6.1,2.9,14.0,18.0,3.0,5.0,2.0,55.33,11.4,6.5,2.2,2
15.0,16.0,5.0,2.0,3.0,58.67,12.2,6.7,2.9,12.0,13.0,2.0,3.0,5.0,51.44,14.1,4.9,2.0,1
15.0,14.0,6.0,1.0,3.0,57.67,12.9,6.8,3.0,18.0,12.0,4.0,2.0,4.0,50.2,12.9,5.8,2.1,4
17.0,13.0,7.0,0.0,3.0,56.3,13.5,7.2,3.0,18.0,10.0,5.0,2.0,3.0,55.56,12.0,3.9,1.8,4
19.0,13.0,6.0,1.0,3.0,55.1,14.7,7.3,3.0,30.0,9.0,8.0,1.0,1.0,59.11,13.0,6.1,5.4,3
19.0,15.0,5.0,2.0,3.0,53.7,14.5,6.8,2.8,9.0,12.0,3.0,4.0,3.0,46.33,14.2,4.8,1.8,2
20.0,13.0,6.0,2.0,2.0,55.2,14.1,7.8,2.5,16.0,18.0,3.0,4.0,3.0,50.5,17.0,4.0,2.4,1
20.0,12.0,7.0,2.0,1.0,55.3,14.5,6.5,2.1,28.0,13.0,8.0,2.0,0.0,56.1,13.2,5.1,3.6,4
20.0,13.0,6.0,2.0,2.0,53.6,13.9,6.7,2.1,18.0,10.0,7.0,2.0,1.0,51.6,13.4,5.8,2.6,3
23.0,11.0,7.0,2.0,1.0,52.6,14.5,6.3,1.8,7.0,11.0,4.0,6.0,0.0,53.7,14.7,5.9,2.8,1
21.0,9.0,7.0,2.0,1.0,54.3,14.2,6.6,1.8,12.0,18.0,2.0,4.0,4.0,45.1,15.3,4.7,1.4,2
20.0,4.0,8.0,1.0,1.0,56.33,13.3,6.7,2.2,13.0,15.0,3.0,4.0,3.0,45.4,15.5,4.0,1.7,4
21.0,4.0,8.0,1.0,1.0,55.22,13.4,6.4,2.1,10.0,11.0,3.0,4.0,3.0,49.8,14.4,5.3,2.7,4
24.0,5.0,8.0,1.0,1.0,54.56,13.5,6.5,2.0,15.0,6.0,5.0,0.0,5.0,57.6,11.6,8.5,1.2,3
26.0,4.0,9.0,1.0,0.0,55.67,13.8,6.3,2.3,14.0,9.0,4.0,3.0,3.0,49.4,16.4,3.6,2.3,4
28.0,6.0,9.0,1.0,0.0,53.89,12.5,5.5,2.5,18.0,8.0,5.0,1.0,4.0,58.4,13.1,8.4,1.9,1
13.0,12.0,5.0,3.0,2.0,52.78,15.9,5.4,1.9,25.0,6.0,8.0,2.0,0.0,52.89,12.4,5.4,2.3,2
25.0,7.0,7.0,2.0,1.0,52.0,12.9,4.9,1.9,11.0,14.0,2.0,4.0,4.0,55.5,14.4,6.6,2.6,4
26.0,8.0,7.0,2.0,1.0,51.78,12.3,5.1,1.5,16.0,19.0,4.0,5.0,1.0,44.8,13.8,4.5,1.9,4
26.0,10.0,7.0,1.0,2.0,52.3,12.7,5.8,1.7,16.0,8.0,6.0,2.0,2.0,46.9,12.1,5.6,3.2,1
22.0,9.0,7.0,1.0,2.0,53.5,12.1,5.8,2.3,15.0,13.0,5.0,4.0,1.0,56.8,14.9,5.4,1.9,2
20.0,8.0,7.0,1.0,2.0,51.8,11.7,5.5,2.0,15.0,13.0,3.0,4.0,3.0,55.5,11.4,6.9,1.7,1
17.0,6.0,7.0,1.0,2.0,52.1,12.3,5.8,2.1,12.0,11.0,3.0,5.0,2.0,54.9,11.9,6.3,1.8,2
18.0,6.0,7.0,0.0,3.0,51.8,12.7,6.0,2.2,14.0,14.0,4.0,3.0,3.0,47.9,16.5,5.6,2.6,1
18.0,5.0,8.0,0.0,2.0,51.5,12.9,5.6,3.0,15.0,10.0,4.0,3.0,3.0,54.8,12.5,5.7,1.8,1
15.0,2.0,9.0,0.0,1.0,51.0,13.2,5.0,3.1,18.0,8.0,6.0,1.0,3.0,51.8,15.2,4.9,1.7,3
14.0,2.0,9.0,0.0,1.0,50.1,13.2,4.9,3.3,13.0,9.0,4.0,2.0,4.0,48.4,12.5,4.4,1.9,2
12.0,4.0,8.0,1.0,1.0,50.2,13.1,4.5,3.5,12.0,9.0,4.0,3.0,3.0,55.7,11.7,6.4,2.4,1
12.0,4.0,8.0,1.0,1.0,51.3,14.0,5.5,3.4,14.0,11.0,5.0,4.0,1.0,56.5,11.6,6.5,2.2,3
12.0,5.0,8.0,1.0,1.0,52.5,14.0,5.6,3.9,11.0,13.0,3.0,3.0,4.0,49.4,12.4,6.2,1.8,2
13.0,5.0,8.0,1.0,1.0,52.7,14.3,5.5,3.8,5.0,12.0,1.0,5.0,4.0,48.9,15.9,4.5,1.6,1
13.0,4.0,9.0,1.0,0.0,54.6,14.2,5.6,3.7,20.0,4.0,8.0,1.0,1.0,54.0,15.6,6.4,1.4,3
13.0,6.0,8.0,2.0,0.0,55.0,13.7,5.9,3.4,10.0,11.0,3.0,5.0,2.0,49.2,18.6,5.8,1.2,4
15.0,7.0,8.0,2.0,0.0,56.0,14.9,5.7,3.6,20.0,3.0,9.0,1.0,0.0,53.4,16.1,6.1,1.1,0
14.0,7.0,7.0,2.0,1.0,56.3,14.8,6.0,3.8,15.0,10.0,6.0,3.0,1.0,50.4,13.7,4.5,1.4,1
13.0,6.0,7.0,2.0,1.0,55.6,15.2,5.7,3.4,23.0,11.0,9.0,1.0,0.0,54.4,11.8,4.2,2.3,1
26.0,6.0,8.0,1.0,1.0,54.2,15.2,6.6,3.5,24.0,17.0,4.0,2.0,4.0,52.9,12.5,4.7,2.9,2
26.0,3.0,9.0,0.0,1.0,54.9,13.9,6.8,3.2,17.0,20.0,5.0,5.0,0.0,54.3,12.4,5.9,2.7,1
29.0,3.0,10.0,0.0,0.0,57.0,13.2,6.6,3.0,14.0,2.0,5.0,3.0,2.0,51.2,12.8,5.6,2.7,3
31.0,3.0,10.0,0.0,0.0,57.2,13.2,6.4,2.9,17.0,8.0,6.0,1.0,3.0,45.2,14.4,6.1,2.4,1
28.0,4.0,9.0,1.0,0.0,58.2,14.5,5.7,2.5,20.0,9.0,7.0,1.0,2.0,55.9,14.0,3.9,3.0,4
23.0,5.0,9.0,1.0,0.0,58.0,14.1,5.7,2.2,14.0,23.0,2.0,5.0,3.0,43.9,14.7,4.3,2.0,2
17.0,5.0,7.0,2.0,1.0,59.6,14.6,5.0,2.2,10.0,10.0,4.0,3.0,3.0,46.4,17.3,4.7,1.9,1
15.0,6.0,6.0,3.0,1.0,59.7,15.1,5.9,2.5,13.0,16.0,2.0,4.0,4.0,51.5,11.1,5.7,1.1,2
17.0,8.0,6.0,3.0,1.0,59.6,14.8,5.8,2.4,14.0,21.0,2.0,8.0,0.0,48.9,18.7,5.3,1.0,4
20.0,10.0,6.0,3.0,1.0,53.7,20.0,4.4,2.3,21.0,8.0,6.0,3.0,1.0,59.2,14.1,5.7,2.4,3
23.0,7.0,7.0,2.0,1.0,58.3,12.3,5.8,2.6,7.0,10.0,3.0,5.0,2.0,51.9,13.7,6.4,2.6,3
22.0,6.0,7.0,2.0,1.0,59.3,12.8,6.1,2.5,15.0,10.0,5.0,3.0,2.0,54.8,15.5,6.0,2.5,0
21.0,5.0,7.0,2.0,1.0,57.6,12.8,6.0,2.1,27.0,5.0,9.0,1.0,0.0,53.4,13.4,5.6,2.8,0
21.0,4.0,7.0,1.0,2.0,58.3,12.7,5.9,1.9,15.0,9.0,4.0,1.0,5.0,47.7,15.1,4.5,2.8,2
23.0,5.0,7.0,0.0,3.0,58.2,12.3,5.4,1.8,13.0,14.0,2.0,3.0,5.0,52.9,13.2,5.9,2.4,2
22.0,6.0,6.0,0.0,4.0,57.6,11.7,5.9,2.0,19.0,9.0,5.0,1.0,4.0,54.1,14.2,6.0,2.4,4
22.0,5.0,6.0,0.0,4.0,56.1,12.0,5.7,2.0,12.0,13.0,3.0,4.0,3.0,46.3,15.6,5.2,2.9,4
21.0,6.0,6.0,0.0,4.0,55.1,13.1,5.9,1.9,12.0,18.0,3.0,5.0,2.0,44.7,14.8,5.7,2.5,4
22.0,6.0,6.0,0.0,4.0,57.5,13.8,6.8,1.9,7.0,16.0,2.0,7.0,1.0,47.9,18.5,3.7,3.4,1
21.0,5.0,6.0,0.0,4.0,57.1,13.2,6.4,2.3,11.0,15.0,2.0,3.0,5.0,44.5,14.5,3.6,2.1,0
21.0,5.0,6.0,0.0,4.0,58.5,13.1,6.8,2.4,13.0,10.0,4.0,4.0,2.0,51.2,13.3,5.5,3.1,4
25.0,7.0,7.0,0.0,3.0,56.9,13.6,6.4,2.8,13.0,21.0,2.0,5.0,3.0,44.9,13.9,5.3,2.0,3
24.0,7.0,7.0,0.0,3.0,57.2,14.3,6.4,3.0,15.0,10.0,5.0,3.0,2.0,53.6,11.5,5.0,3.3,3
25.0,7.0,8.0,0.0,2.0,56.0,14.0,6.1,3.0,11.0,11.0,2.0,1.0,7.0,56.3,12.8,5.4,2.3,2
23.0,7.0,7.0,0.0,3.0,55.3,14.4,6.4,2.9,18.0,8.0,6.0,0.0,4.0,50.0,13.9,4.4,4.1,3
18.0,8.0,6.0,1.0,3.0,55.3,14.3,6.3,3.0,13.0,18.0,2.0,4.0,4.0,45.8,16.4,5.3,1.4,1
15.0,8.0,6.0,1.0,3.0,55.8,15.3,7.0,2.9,16.0,13.0,3.0,3.0,4.0,50.5,15.8,4.6,3.2,1
14.0,8.0,6.0,1.0,3.0,54.0,15.4,6.5,3.0,16.0,7.0,5.0,2.0,3.0,55.9,13.2,5.0,3.4,3
16.0,8.0,6.0,1.0,3.0,52.3,15.1,6.5,2.7,15.0,15.0,3.0,3.0,4.0,53.9,16.1,5.7,2.2,1
17.0,8.0,7.0,1.0,2.0,51.8,14.6,6.1,2.8,13.0,7.0,3.0,1.0,6.0,51.4,13.5,6.2,1.5,2
16.0,7.0,7.0,1.0,2.0,52.3,13.7,5.9,3.0,16.0,10.0,6.0,1.0,3.0,50.5,11.0,4.8,2.1,3
17.0,5.0,8.0,1.0,1.0,50.8,13.7,5.9,3.1,5.0,14.0,1.0,6.0,3.0,44.6,19.9,4.5,1.4,1
23.0,3.0,9.0,0.0,1.0,52.6,16.6,4.8,3.2,14.0,4.0,7.0,2.0,1.0,53.3,13.7,5.5,2.6,2
14.0,1.0,8.0,1.0,1.0,51.6,13.6,4.9,2.6,13.0,12.0,5.0,3.0,2.0,48.1,15.2,4.4,2.4,3
14.0,3.0,7.0,2.0,1.0,50.9,13.1,3.8,2.6,13.0,14.0,4.0,4.0,2.0,58.5,12.3,6.9,1.1,4
16.0,5.0,7.0,2.0,1.0,51.4,12.0,3.9,3.0,12.0,10.0,4.0,2.0,4.0,48.4,14.5,5.8,1.7,1
14.0,5.0,7.0,2.0,1.0,52.6,12.7,3.9,3.0,29.0,8.0,8.0,1.0,1.0,55.7,10.2,6.3,2.4,3
14.0,7.0,6.0,2.0,2.0,51.2,14.0,3.8,2.4,22.0,9.0,7.0,1.0,2.0,56.6,10.5,5.9,2.2,2
12.0,8.0,5.0,2.0,3.0,50.5,12.9,4.1,2.6,12.0,8.0,4.0,2.0,4.0,57.3,14.1,6.0,2.8,3
14.0,8.0,6.0,1.0,3.0,47.9,12.2,4.0,2.9,24.0,15.0,5.0,2.0,3.0,57.5,12.3,8.1,2.3,4
16.0,9.0,6.0,1.0,3.0,47.2,12.9,3.7,2.9,14.0,17.0,3.0,3.0,4.0,45.3,12.2,4.9,1.8,4
16.0,11.0,5.0,1.0,4.0,48.9,12.7,3.9,2.9,31.0,6.0,8.0,1.0,1.0,62.4,9.6,4.8,2.7,4
17.0,14.0,5.0,2.0,3.0,49.0,13.4,4.4,2.9,27.0,12.0,6.0,3.0,1.0,54.0,13.0,7.4,3.6,2
15.0,13.0,5.0,2.0,3.0,47.4,13.2,4.1,2.5,25.0,13.0,6.0,4.0,0.0,56.5,16.3,4.1,3.4,2
22.0,15.0,4.0,5.0,1.0,52.8,15.1,7.7,2.0,14.0,15.0,4.0,3.0,3.0,46.7,13.5,3.9,2.3,2
14.0,14.0,4.0,3.0,3.0,46.6,12.4,3.8,2.3,14.0,16.0,4.0,5.0,1.0,46.6,13.8,5.9,1.6,1
13.0,14.0,4.0,4.0,2.0,47.6,12.3,4.0,2.4,17.0,19.0,4.0,5.0,1.0,52.5,12.7,4.8,2.3,3
12.0,15.0,3.0,5.0,2.0,50.3,14.7,4.2,1.8,25.0,9.0,8.0,2.0,0.0,55.8,10.7,5.7,1.0,3
11.0,15.0,3.0,5.0,2.0,49.1,14.0,4.0,1.9,11.0,11.0,4.0,5.0,1.0,52.1,18.0,5.3,3.0,2
11.0,11.0,4.0,4.0,2.0,50.5,14.4,4.0,1.8,20.0,16.0,2.0,4.0,4.0,54.0,12.8,4.4,2.4,3
12.0,11.0,4.0,4.0,2.0,52.0,15.3,4.3,1.8,13.0,18.0,2.0,5.0,3.0,52.5,11.7,5.7,2.3,2
12.0,10.0,4.0,4.0,2.0,52.1,14.8,4.3,2.1,6.0,12.0,2.0,6.0,2.0,46.8,13.4,4.6,2.3,4
15.0,9.0,5.0,3.0,2.0,54.1,13.8,4.5,2.5,9.0,10.0,5.0,3.0,2.0,55.9,15.1,7.2,1.4,0
13.0,8.0,4.0,2.0,4.0,53.4,13.7,5.6,2.3,15.0,9.0,5.0,2.0,3.0,50.3,17.0,6.0,1.3,2
14.0,6.0,5.0,1.0,4.0,56.1,13.0,5.4,2.4,13.0,11.0,4.0,2.0,4.0,47.2,14.5,3.8,1.1,1
13.0,6.0,5.0,2.0,3.0,55.1,12.8,6.0,2.8,16.0,15.0,4.0,3.0,3.0,49.2,15.7,5.8,2.4,3
12.0,7.0,4.0,2.0,4.0,55.5,12.5,7.2,2.4,11.0,12.0,4.0,4.0,2.0,50.7,14.1,4.5,2.0,4
14.0,7.0,5.0,2.0,3.0,53.9,13.4,6.5,2.4,13.0,11.0,5.0,3.0,2.0,51.6,15.8,5.3,2.4,1
14.0,5.0,6.0,1.0,3.0,54.3,13.4,6.4,2.3,26.0,11.0,7.0,1.0,2.0,54.3,9.8,6.6,1.3,1
13.0,5.0,6.0,1.0,3.0,53.1,13.4,6.3,1.9,9.0,15.0,2.0,6.0,2.0,45.9,14.6,4.1,2.7,3
15.0,13.0,4.0,5.0,1.0,51.7,14.8,6.1,4.0,13.0,4.0,6.0,1.0,3.0,52.6,14.1,6.6,2.1,2
15.0,4.0,7.0,1.0,2.0,51.7,14.2,5.8,2.0,16.0,17.0,3.0,5.0,2.0,54.7,11.9,7.4,1.9,1
15.0,5.0,7.0,2.0,1.0,51.9,14.9,4.9,1.8,20.0,8.0,6.0,1.0,3.0,57.9,12.6,5.5,2.9,4
16.0,6.0,7.0,2.0,1.0,49.4,15.4,4.8,1.7,14.0,14.0,3.0,4.0,3.0,49.8,16.1,4.6,2.5,4
21.0,6.0,8.0,1.0,1.0,51.0,14.3,3.7,2.0,5.0,15.0,1.0,6.0,3.0,48.7,15.5,5.9,3.2,3
23.0,5.0,9.0,1.0,0.0,52.7,15.2,3.8,1.9,10.0,17.0,2.0,5.0,3.0,50.2,14.8,4.2,2.9,3
22.0,5.0,9.0,1.0,0.0,52.9,14.4,4.3,1.9,15.0,18.0,5.0,4.0,1.0,48.3,14.8,4.5,2.6,4
14.0,11.0,4.0,2.0,4.0,54.3,17.6,6.7,2.9,25.0,5.0,9.0,1.0,0.0,53.1,14.5,4.4,2.0,1
25.0,5.0,9.0,1.0,0.0,53.3,15.3,4.7,2.2,11.0,16.0,1.0,2.0,7.0,50.6,13.4,4.9,2.3,1
23.0,5.0,9.0,1.0,0.0,53.1,14.7,4.1,2.0,15.0,7.0,5.0,3.0,2.0,53.6,12.4,5.1,2.6,3
28.0,4.0,10.0,0.0,0.0,54.6,13.9,4.4,2.2,12.0,11.0,3.0,5.0,2.0,49.9,14.1,6.4,2.5,1
24.0,3.0,10.0,0.0,0.0,55.7,14.2,4.6,2.8,28.0,9.0,9.0,1.0,0.0,58.3,11.9,5.6,2.8,1
22.0,1.0,10.0,0.0,0.0,54.2,13.8,4.7,2.4,13.0,10.0,5.0,3.0,2.0,47.0,15.0,4.2,2.1,0
19.0,1.0,9.0,0.0,1.0,54.6,13.0,4.6,3.1,19.0,5.0,8.0,1.0,1.0,69.8,9.7,7.7,2.6,4
19.0,2.0,8.0,0.0,2.0,52.7,12.6,4.1,3.1,12.0,15.0,3.0,4.0,3.0,53.3,14.6,6.5,2.2,2
17.0,2.0,8.0,0.0,2.0,52.1,12.3,4.0,3.4,7.0,12.0,0.0,4.0,6.0,49.2,18.6,4.3,2.5,2
18.0,2.0,8.0,0.0,2.0,53.2,11.9,3.9,3.5,13.0,14.0,3.0,3.0,4.0,49.4,15.0,5.9,2.8,1
18.0,2.0,8.0,0.0,2.0,52.9,12.1,4.5,3.1,10.0,13.0,1.0,4.0,5.0,49.6,18.3,5.0,1.8,4
19.0,3.0,8.0,0.0,2.0,53.9,12.4,4.5,3.1,9.0,18.0,0.0,5.0,5.0,53.7,13.5,5.5,2.1,1
16.0,3.0,8.0,0.0,2.0,52.2,13.7,4.8,3.8,14.0,8.0,4.0,2.0,4.0,54.1,13.1,6.2,2.2,3
17.0,4.0,8.0,0.0,2.0,52.2,14.3,4.7,3.4,5.0,22.0,0.0,7.0,3.0,44.4,14.7,5.0,3.1,4
14.0,13.0,4.0,3.0,3.0,52.4,13.3,6.7,2.2,19.0,4.0,8.0,0.0,2.0,51.9,14.3,5.0,3.1,3
21.0,4.0,8.0,0.0,2.0,52.9,13.9,5.6,3.0,11.0,17.0,2.0,4.0,4.0,55.9,13.1,5.5,1.8,3
23.0,3.0,10.0,0.0,0.0,54.9,14.8,5.3,2.7,6.0,16.0,2.0,7.0,1.0,47.5,17.3,6.7,1.7,3
22.0,5.0,9.0,1.0,0.0,55.4,14.6,5.6,2.4,9.0,10.0,3.0,4.0,3.0,49.0,15.5,3.7,2.5,4
26.0,6.0,9.0,1.0,0.0,58.2,14.8,6.4,2.4,13.0,14.0,5.0,2.0,3.0,45.0,13.8,3.5,2.4,4
18.0,13.0,6.0,3.0,1.0,47.0,11.1,4.5,1.9,24.0,7.0,8.0,1.0,1.0,58.8,13.8,6.3,2.6,1
24.0,7.0,8.0,1.0,1.0,59.0,12.3,5.8,2.1,25.0,4.0,8.0,0.0,2.0,52.1,11.6,5.5,1.7,4
25.0,7.0,8.0,1.0,1.0,60.2,11.3,7.0,2.2,10.0,19.0,3.0,5.0,2.0,53.6,12.2,6.3,1.9,3
23.0,9.0,7.0,2.0,1.0,60.2,11.7,6.4,2.2,11.0,11.0,4.0,3.0,3.0,44.8,14.2,3.7,3.2,1
22.0,8.0,7.0,2.0,1.0,61.3,11.3,7.0,2.0,22.0,9.0,5.0,4.0,1.0,55.1,12.6,4.0,2.4,3
23.0,8.0,7.0,2.0,1.0,60.0,11.5,7.2,2.3,11.0,13.0,3.0,4.0,3.0,48.8,11.5,6.4,1.2,3
24.0,7.0,8.0,1.0,1.0,59.3,11.4,7.0,2.1,22.0,8.0,8.0,1.0,1.0,51.9,11.8,5.0,2.6,1
19.0,8.0,7.0,2.0,1.0,58.5,11.3,6.6,2.4,13.0,11.0,4.0,4.0,2.0,56.0,14.2,6.1,1.5,4
21.0,8.0,7.0,2.0,1.0,57.3,10.8,6.5,3.0,17.0,11.0,6.0,2.0,2.0,58.5,9.4,6.9,1.7,3
22.0,7.0,8.0,2.0,0.0,57.2,12.0,5.8,2.6,8.0,12.0,2.0,4.0,4.0,49.0,16.8,4.3,2.8,4
22.0,8.0,8.0,2.0,0.0,57.1,12.3,6.0,2.7,20.0,3.0,9.0,0.0,1.0,50.3,15.7,5.9,1.7,4
21.0,9.0,8.0,2.0,0.0,56.7,12.9,5.7,2.7,22.0,14.0,6.0,2.0,2.0,51.3,14.5,5.8,1.7,4
23.0,10.0,8.0,2.0,0.0,56.4,13.9,5.1,2.6,22.0,8.0,8.0,1.0,1.0,52.4,13.7,5.4,1.8,1
21.0,10.0,8.0,2.0,0.0,55.2,13.5,4.9,2.5,12.0,10.0,3.0,4.0,3.0,48.6,13.7,4.6,2.8,3
22.0,9.0,8.0,2.0,0.0,55.5,13.5,5.1,2.6,21.0,9.0,7.0,2.0,1.0,54.9,15.8,6.9,1.9,4
25.0,10.0,9.0,1.0,0.0,55.3,13.1,4.5,2.0,17.0,14.0,5.0,3.0,2.0,53.0,14.7,5.0,2.5,3
17.0,12.0,7.0,2.0,1.0,49.2,15.1,5.7,2.4,22.0,11.0,8.0,2.0,0.0,54.3,14.4,4.7,1.6,2
22.0,10.0,8.0,2.0,0.0,54.2,14.4,4.4,1.4,16.0,11.0,5.0,2.0,3.0,54.3,16.2,6.1,2.6,3
22.0,10.0,8.0,2.0,0.0,52.8,14.7,4.2,1.6,18.0,15.0,3.0,5.0,2.0,43.9,15.9,4.2,1.7,2
21.0,10.0,8.0,2.0,0.0,52.1,14.9,4.4,1.8,20.0,9.0,8.0,2.0,0.0,55.8,14.3,8.7,2.4,1
19.0,5.0,9.0,1.0,0.0,54.3,13.6,3.7,2.1,10.0,18.0,2.0,6.0,2.0,46.4,14.7,4.3,2.3,4
21.0,6.0,9.0,1.0,0.0,57.1,13.4,4.2,2.2,8.0,11.0,3.0,4.0,3.0,46.5,14.7,3.4,2.5,2
20.0,4.0,9.0,1.0,0.0,57.4,13.6,4.2,2.4,23.0,11.0,7.0,2.0,1.0,56.3,10.1,5.5,1.3,4
22.0,3.0,10.0,0.0,0.0,57.4,12.7,4.0,2.6,8.0,13.0,2.0,6.0,2.0,47.6,13.9,4.1,0.8,2
21.0,4.0,9.0,0.0,1.0,57.4,13.5,4.7,2.7,13.0,12.0,4.0,4.0,2.0,52.8,14.6,7.0,2.5,3
20.0,4.0,9.0,0.0,1.0,59.8,12.7,5.3,2.4,13.0,11.0,5.0,2.0,3.0,54.1,13.8,5.6,2.3,1
20.0,4.0,9.0,0.0,1.0,60.2,12.2,5.2,2.8,35.0,12.0,8.0,2.0,0.0,65.2,10.0,6.9,2.1,3
21.0,4.0,9.0,0.0,1.0,55.9,13.1,5.6,2.6,29.0,17.0,7.0,3.0,0.0,64.4,11.5,6.6,2.0,0
17.0,3.0,8.0,0.0,2.0,54.2,13.8,5.2,2.3,10.0,18.0,1.0,5.0,4.0,45.9,16.2,5.2,1.7,4
19.0,3.0,8.0,0.0,2.0,52.5,13.5,4.7,2.5,16.0,13.0,6.0,1.0,3.0,51.1,16.3,5.8,1.8,4
18.0,4.0,7.0,0.0,3.0,51.2,13.4,5.2,2.2,20.0,19.0,3.0,2.0,5.0,53.5,14.2,6.4,2.2,2
18.0,4.0,7.0,0.0,3.0,50.3,13.2,5.3,2.1,20.0,16.0,5.0,4.0,1.0,57.0,10.8,7.0,1.5,4
27.0,13.0,7.0,1.0,2.0,51.3,13.1,6.6,3.1,18.0,7.0,6.0,1.0,3.0,49.8,12.6,5.5,2.1,2
19.0,7.0,6.0,1.0,3.0,52.2,12.1,5.7,2.0,14.0,16.0,4.0,4.0,2.0,48.3,12.4,4.3,2.5,3
19.0,8.0,6.0,1.0,3.0,52.3,11.6,6.6,2.2,31.0,12.0,8.0,2.0,0.0,53.7,10.0,5.9,2.8,4
20.0,12.0,6.0,2.0,2.0,53.3,11.7,6.3,2.3,30.0,10.0,8.0,2.0,0.0,60.6,9.2,7.7,1.6,2
22.0,17.0,6.0,4.0,0.0,49.2,12.3,5.6,2.4,16.0,14.0,5.0,3.0,2.0,52.9,11.7,7.0,2.3,4
17.0,15.0,5.0,4.0,1.0,55.2,11.5,6.9,2.1,19.0,11.0,5.0,4.0,1.0,51.0,16.2,3.8,2.3,4
21.0,15.0,6.0,4.0,0.0,55.5,11.2,6.5,2.2,21.0,19.0,4.0,3.0,3.0,47.2,13.3,6.3,1.3,4
23.0,13.0,7.0,3.0,0.0,55.7,12.0,6.3,2.2,16.0,11.0,4.0,4.0,2.0,51.7,18.3,5.8,1.6,1
22.0,13.0,7.0,3.0,0.0,57.0,11.7,6.3,2.3,31.0,12.0,7.0,0.0,3.0,51.9,15.8,5.5,2.7,4
23.0,13.0,7.0,3.0,0.0,56.8,12.1,6.0,2.0,17.0,10.0,5.0,2.0,3.0,51.9,12.9,4.5,2.9,4
26.0,12.0,8.0,1.0,1.0,48.2,10.7,4.5,2.2,23.0,14.0,6.0,3.0,1.0,56.3,12.4,5.3,1.8,3
23.0,12.0,6.0,3.0,1.0,57.6,11.3,5.6,1.7,17.0,18.0,3.0,6.0,1.0,48.3,12.3,5.6,2.0,4
31.0,10.0,8.0,1.0,1.0,58.4,12.1,4.9,1.9,14.0,14.0,5.0,4.0,1.0,54.4,13.9,4.9,2.4,2
28.0,9.0,8.0,1.0,1.0,58.0,12.6,5.5,2.0,22.0,12.0,6.0,2.0,2.0,53.6,9.8,5.1,1.3,4
27.0,11.0,7.0,2.0,1.0,59.6,11.9,5.2,2.0,20.0,7.0,8.0,0.0,2.0,60.0,9.5,5.3,1.2,1
27.0,11.0,7.0,2.0,1.0,56.7,11.4,5.2,1.8,22.0,8.0,8.0,0.0,2.0,52.7,11.7,7.5,2.0,0
23.0,11.0,6.0,2.0,2.0,55.7,10.8,4.9,2.3,14.0,13.0,4.0,5.0,1.0,48.8,11.7,4.8,1.7,3
24.0,9.0,7.0,2.0,1.0,56.2,10.7,5.3,2.5,7.0,9.0,3.0,4.0,3.0,45.8,14.8,3.6,2.3,2
25.0,7.0,8.0,1.0,1.0,56.1,10.8,5.2,2.4,15.0,7.0,7.0,1.0,2.0,63.8,10.8,7.5,2.0,1
20.0,5.0,8.0,1.0,1.0,55.9,10.8,4.9,2.5,11.0,20.0,2.0,7.0,1.0,43.1,12.7,4.0,2.4,4
19.0,5.0,8.0,1.0,1.0,55.4,9.6,5.0,2.3,13.0,10.0,3.0,1.0,6.0,51.0,13.9,4.0,1.4,2
18.0,4.0,8.0,1.0,1.0,56.1,9.7,4.5,2.5,6.0,6.0,5.0,2.0,3.0,45.9,14.3,3.9,2.0,1
16.0,1.0,9.0,0.0,1.0,55.5,11.0,4.2,2.1,9.0,13.0,4.0,4.0,2.0,45.3,13.7,5.3,1.7,4
22.0,1.0,9.0,0.0,1.0,58.2,11.3,4.4,2.4,10.0,13.0,3.0,3.0,4.0,53.1,11.6,5.4,2.7,2
24.0,1.0,10.0,0.0,0.0,57.3,11.9,4.6,2.0,19.0,5.0,6.0,0.0,4.0,63.1,10.4,7.4,1.9,4
23.0,3.0,9.0,0.0,1.0,55.2,12.5,4.4,2.1,15.0,10.0,4.0,2.0,4.0,48.5,14.7,4.5,2.2,1
22.0,3.0,9.0,0.0,1.0,54.4,12.3,4.4,2.4,14.0,11.0,4.0,3.0,3.0,50.9,10.9,6.7,2.3,1
21.0,11.0,5.0,4.0,1.0,50.4,9.6,5.1,2.1,22.0,3.0,9.0,0.0,1.0,55.0,12.6,4.2,2.2,1
20.0,2.0,9.0,0.0,1.0,54.5,13.3,4.0,2.1,21.0,8.0,6.0,0.0,4.0,64.1,9.6,7.7,1.6,3
20.0,3.0,9.0,0.0,1.0,52.9,13.1,3.5,2.0,11.0,13.0,3.0,4.0,3.0,48.3,15.3,4.0,1.6,2
21.0,3.0,9.0,0.0,1.0,52.3,12.5,3.7,1.9,12.0,9.0,4.0,3.0,3.0,50.7,11.6,6.5,1.8,2
20.0,3.0,8.0,0.0,2.0,51.0,11.5,3.9,2.1,17.0,8.0,7.0,2.0,1.0,52.5,11.2,6.0,2.1,4
16.0,4.0,8.0,0.0,2.0,50.4,11.4,3.6,2.1,31.0,12.0,9.0,1.0,0.0,52.5,11.5,6.9,4.0,3
14.0,7.0,7.0,1.0,2.0,51.0,11.2,3.6,2.1,11.0,26.0,2.0,8.0,0.0,48.8,10.4,4.7,2.2,4
16.0,7.0,8.0,1.0,1.0,52.7,10.6,3.3,2.0,27.0,9.0,8.0,1.0,1.0,54.8,11.2,7.0,2.7,4
18.0,8.0,8.0,1.0,1.0,51.2,11.6,3.3,1.8,10.0,15.0,4.0,4.0,2.0,52.6,10.9,6.5,1.7,3
20.0,9.0,7.0,1.0,2.0,52.2,11.3,4.1,2.1,18.0,8.0,6.0,1.0,3.0,62.1,7.7,7.2,2.2,1
18.0,9.0,6.0,2.0,2.0,52.3,11.1,4.3,2.1,16.0,4.0,5.0,2.0,3.0,55.4,9.7,7.4,3.5,4
19.0,11.0,6.0,2.0,2.0,52.3,11.7,4.6,2.2,7.0,8.0,2.0,5.0,3.0,44.6,13.3,3.9,1.5,4
20.0,12.0,6.0,2.0,2.0,53.0,12.0,4.8,2.2,13.0,13.0,3.0,3.0,4.0,53.9,10.6,6.5,2.2,4
24.0,12.0,7.0,2.0,1.0,51.4,10.8,4.9,2.0,20.0,15.0,6.0,3.0,1.0,55.9,10.6,5.1,1.7,0
21.0,11.0,6.0,2.0,2.0,51.0,11.4,5.0,1.7,4.0,25.0,1.0,9.0,0.0,45.0,14.0,3.1,2.1,3
17.0,11.0,4.0,4.0,2.0,47.62,10.8,6.2,3.1,22.0,9.0,7.0,1.0,2.0,53.8,11.2,6.2,1.5,2
21.0,8.0,7.0,1.0,2.0,55.7,10.5,6.5,1.3,11.0,7.0,5.0,3.0,2.0,48.1,12.6,4.7,2.8,3
20.0,9.0,7.0,1.0,2.0,56.7,10.7,6.6,1.2,16.0,13.0,6.0,2.0,2.0,45.7,13.4,4.6,2.6,3
23.0,8.0,9.0,0.0,1.0,57.0,10.8,7.1,1.0,17.0,11.0,3.0,6.0,1.0,44.25,13.6,4.1,2.4,2
22.0,6.0,9.0,0.0,1.0,58.9,10.8,6.6,1.1,18.0,16.0,7.0,3.0,0.0,53.22,10.3,6.2,1.8,4
22.0,6.0,9.0,0.0,1.0,58.0,11.1,6.8,1.3,12.0,9.0,5.0,3.0,2.0,47.33,11.5,5.1,1.2,2
20.0,6.0,9.0,0.0,1.0,59.6,12.0,6.8,1.3,17.0,17.0,5.0,5.0,0.0,50.7,11.7,5.4,0.8,2
21.0,7.0,9.0,0.0,1.0,60.9,11.7,7.3,1.3,9.0,14.0,1.0,5.0,4.0,54.6,12.7,5.6,3.7,3
21.0,6.0,9.0,0.0,1.0,58.9,12.5,6.9,1.4,19.0,11.0,6.0,1.0,3.0,52.9,9.3,7.0,2.1,2
21.0,5.0,9.0,0.0,1.0,58.4,13.1,6.7,1.5,11.0,8.0,2.0,2.0,6.0,50.4,15.2,5.9,1.5,3
22.0,4.0,9.0,0.0,1.0,59.1,12.7,6.6,1.4,22.0,8.0,8.0,1.0,1.0,54.1,13.5,8.5,1.0,1
21.0,4.0,9.0,0.0,1.0,57.4,13.1,7.1,1.5,16.0,9.0,5.0,1.0,4.0,55.5,17.2,4.5,1.7,1
20.0,4.0,9.0,0.0,1.0,55.4,13.0,7.3,1.7,18.0,13.0,4.0,2.0,4.0,52.0,11.2,6.3,1.3,1
18.0,3.0,9.0,0.0,1.0,55.5,12.4,7.9,1.6,22.0,13.0,6.0,4.0,0.0,55.9,10.4,6.5,1.7,4
18.0,5.0,8.0,0.0,2.0,54.0,12.6,7.6,2.0,20.0,19.0,5.0,3.0,2.0,52.8,12.5,4.6,1.8,3
19.0,5.0,9.0,0.0,1.0,53.8,12.8,7.4,2.2,10.0,15.0,1.0,5.0,4.0,44.0,10.9,4.1,1.8,2
19.0,4.0,9.0,0.0,1.0,54.5,11.3,7.1,2.4,8.0,7.0,4.0,2.0,4.0,54.8,10.7,6.6,0.7,1
16.0,11.0,3.0,2.0,5.0,55.3,14.8,7.3,2.6,18.0,3.0,9.0,0.0,1.0,54.9,11.9,7.8,2.5,3
18.0,4.0,9.0,0.0,1.0,55.3,11.2,7.3,2.5,26.0,16.0,5.0,3.0,2.0,56.9,10.2,7.2,1.7,3
15.0,7.0,8.0,1.0,1.0,55.0,11.2,6.9,2.7,11.0,13.0,4.0,4.0,2.0,41.1,12.1,4.0,2.8,4
17.0,10.0,7.0,1.0,2.0,56.7,10.5,7.1,2.6,15.0,17.0,3.0,3.0,4.0,48.7,13.3,4.7,2.0,3
21.0,10.0,7.0,1.0,2.0,57.4,10.5,6.2,2.6,16.0,7.0,7.0,2.0,1.0,49.3,14.2,4.7,2.7,2
19.0,10.0,7.0,2.0,1.0,58.5,10.2,6.4,2.2,6.0,15.0,1.0,5.0,4.0,43.0,14.6,5.6,2.1,1
18.0,9.0,7.0,2.0,1.0,57.5,10.7,6.3,2.1,16.0,4.0,6.0,1.0,3.0,58.3,10.8,6.9,1.6,3
18.0,10.0,7.0,2.0,1.0,54.7,11.5,6.0,1.9,14.0,9.0,5.0,3.0,2.0,50.0,14.0,4.2,1.7,4
21.0,11.0,7.0,2.0,1.0,55.0,10.9,6.0,1.5,15.0,4.0,8.0,2.0,0.0,48.4,13.1,5.0,2.1,3
21.0,11.0,7.0,2.0,1.0,55.2,11.1,5.3,1.4,8.0,8.0,2.0,2.0,6.0,50.3,14.3,5.2,0.9,2
19.0,12.0,6.0,3.0,1.0,55.4,11.1,5.8,1.2,15.0,17.0,3.0,4.0,3.0,50.1,9.9,4.7,1.6,1
19.0,6.0,8.0,2.0,0.0,53.1,12.2,5.1,1.4,16.0,8.0,5.0,2.0,3.0,51.3,11.7,4.4,1.7,3
18.0,7.0,8.0,2.0,0.0,52.6,13.5,5.2,1.4,35.0,8.0,9.0,1.0,0.0,58.0,12.2,6.1,1.5,2
17.0,8.0,7.0,2.0,1.0,50.2,13.3,4.7,1.1,32.0,10.0,8.0,1.0,1.0,57.2,12.3,5.1,2.0,3
17.0,10.0,6.0,3.0,1.0,50.7,13.0,4.6,1.0,16.0,17.0,1.0,3.0,6.0,50.7,14.5,7.0,0.8,3
17.0,10.0,6.0,3.0,1.0,53.1,13.1,5.2,1.3,14.0,8.0,4.0,3.0,3.0,57.0,11.2,5.8,1.9,2
14.0,10.0,5.0,3.0,2.0,51.8,13.6,5.1,1.5,16.0,7.0,6.0,1.0,3.0,52.6,15.5,4.5,1.1,2
12.0,11.0,4.0,3.0,3.0,51.1,13.6,5.3,1.5,13.0,14.0,4.0,3.0,3.0,48.8,12.3,5.1,1.4,2
12.0,11.0,4.0,3.0,3.0,51.4,13.0,5.0,2.0,18.0,8.0,7.0,1.0,2.0,55.4,11.1,5.4,1.2,2
12.0,12.0,3.0,3.0,4.0,52.6,12.9,5.0,2.2,14.0,16.0,3.0,5.0,2.0,55.0,10.6,4.6,1.2,2
10.0,14.0,2.0,4.0,4.0,52.5,13.1,5.1,2.4,13.0,14.0,3.0,6.0,1.0,52.1,9.4,5.2,2.1,4
10.0,16.0,1.0,5.0,4.0,53.29,11.9,5.0,2.4,21.0,14.0,6.0,2.0,2.0,50.75,11.7,6.5,1.8,3
10.0,15.0,2.0,5.0,3.0,56.98,12.6,6.5,2.6,15.0,17.0,3.0,3.0,4.0,40.96,14.4,4.9,1.5,1
10.0,13.0,3.0,4.0,3.0,57.38,12.6,6.9,2.6,24.0,18.0,5.0,4.0,1.0,51.0,9.3,5.1,4.3,4
12.0,15.0,3.0,4.0,3.0,55.88,12.5,6.1,2.2,15.0,15.0,4.0,5.0,1.0,52.15,12.9,5.4,2.4,0
11.0,14.0,3.0,4.0,3.0,56.28,13.2,5.7,2.1,22.0,13.0,7.0,2.0,1.0,50.49,11.4,4.9,2.5,4
12.0,15.0,3.0,4.0,3.0,55.94,13.2,5.5,2.1,7.0,5.0,3.0,2.0,5.0,46.98,17.4,5.6,3.4,3
18.0,9.0,7.0,1.0,2.0,56.34,13.9,5.7,1.3,17.0,7.0,7.0,2.0,1.0,52.9,13.0,4.9,2.9,3
19.0,8.0,8.0,0.0,2.0,55.18,12.8,4.5,1.4,18.0,15.0,4.0,3.0,3.0,55.4,14.1,5.5,2.1,3
21.0,10.0,8.0,0.0,2.0,56.12,13.2,4.8,1.5,15.0,18.0,4.0,5.0,1.0,41.3,12.4,3.8,1.5,2
18.0,8.0,7.0,0.0,3.0,58.52,13.3,6.0,1.8,14.0,24.0,2.0,6.0,2.0,48.7,14.6,5.8,1.7,3
20.0,9.0,8.0,0.0,2.0,59.82,13.8,7.0,1.9,10.0,17.0,2.0,6.0,2.0,51.6,14.4,4.6,2.1,1
19.0,7.0,9.0,0.0,1.0,60.91,13.7,7.6,2.2,11.0,14.0,4.0,5.0,1.0,54.9,14.8,5.4,1.3,1
18.0,6.0,9.0,0.0,1.0,60.51,13.5,7.8,2.4,22.0,18.0,3.0,3.0,4.0,52.44,13.9,5.3,1.2,4
19.0,7.0,9.0,0.0,1.0,58.51,13.5,6.8,2.1,13.0,7.0,4.0,1.0,5.0,49.07,14.0,4.6,3.0,1
17.0,7.0,9.0,0.0,1.0,59.83,13.8,6.9,1.9,17.0,20.0,3.0,6.0,1.0,52.3,14.0,4.9,1.4,4
23.0,12.0,7.0,2.0,1.0,54.71,11.7,5.3,2.0,17.0,8.0,8.0,0.0,2.0,61.03,14.0,7.6,1.8,4
16.0,9.0,7.0,1.0,2.0,57.07,13.1,6.4,1.7,11.0,19.0,3.0,5.0,2.0,43.2,14.5,3.9,1.8,4
18.0,9.0,8.0,1.0,1.0,55.87,12.8,5.9,1.4,10.0,11.0,3.0,4.0,3.0,46.3,15.7,5.3,2.3,3
22.0,10.0,8.0,2.0,0.0,55.34,11.7,6.0,2.6,18.0,9.0,8.0,1.0,1.0,56.37,12.1,5.4,1.4,4
20.0,11.0,7.0,2.0,1.0,56.62,12.0,4.9,1.5,19.0,11.0,5.0,3.0,2.0,53.79,12.2,8.2,1.2,3
21.0,12.0,7.0,2.0,1.0,55.32,12.0,4.6,1.8,16.0,11.0,5.0,3.0,2.0,43.1,14.0,4.7,2.5,4
22.0,11.0,7.0,2.0,1.0,57.22,11.9,4.6,1.9,12.0,13.0,5.0,3.0,2.0,42.3,14.9,3.9,2.5,3
23.0,12.0,7.0,2.0,1.0,57.81,11.9,5.3,1.9,21.0,10.0,6.0,2.0,2.0,55.33,11.9,7.5,1.0,4
24.0,11.0,8.0,2.0,0.0,57.01,12.0,4.9,2.0,13.0,12.0,4.0,5.0,1.0,57.21,10.1,6.5,1.3,3
24.0,10.0,8.0,2.0,0.0,57.31,12.3,4.6,2.3,12.0,11.0,4.0,3.0,3.0,44.7,16.5,4.9,1.7,3
25.0,10.0,8.0,2.0,0.0,59.8,12.3,5.4,2.4,16.0,12.0,4.0,2.0,4.0,51.7,15.4,5.5,3.5,3
23.0,11.0,7.0,3.0,0.0,59.9,13.0,4.9,2.6,15.0,14.0,5.0,2.0,3.0,54.1,14.1,5.7,1.7,2
21.0,9.0,7.0,2.0,1.0,59.0,13.2,5.9,2.5,18.0,12.0,6.0,2.0,2.0,51.8,11.9,5.4,0.9,1
19.0,9.0,6.0,3.0,1.0,61.0,12.7,6.0,2.1,19.0,10.0,6.0,2.0,2.0,53.9,11.9,6.5,2.4,2
17.0,9.0,6.0,3.0,1.0,59.9,12.3,6.2,2.1,16.0,11.0,5.0,2.0,3.0,53.8,14.4,6.2,2.5,0
15.0,8.0,5.0,3.0,2.0,60.4,12.6,6.5,2.0,14.0,15.0,4.0,3.0,3.0,53.7,16.2,6.5,1.8,2
14.0,7.0,5.0,3.0,2.0,60.0,13.1,6.2,2.1,13.0,25.0,3.0,6.0,1.0,41.8,10.9,3.9,1.7,4
17.0,5.0,6.0,2.0,2.0,61.5,13.2,7.2,2.1,15.0,17.0,3.0,4.0,3.0,48.0,15.8,4.4,1.4,4
17.0,6.0,6.0,2.0,2.0,60.6,13.3,7.1,1.8,8.0,26.0,1.0,8.0,1.0,46.5,14.7,3.4,1.7,4
20.0,5.0,7.0,1.0,2.0,59.5,12.5,7.2,1.9,17.0,11.0,4.0,2.0,4.0,53.9,13.1,5.7,2.3,4
21.0,8.0,7.0,2.0,1.0,59.1,12.7,7.5,1.8,32.0,12.0,10.0,0.0,0.0,54.8,14.5,6.5,1.0,4
21.0,10.0,6.0,2.0,2.0,57.3,12.6,6.1,1.7,23.0,17.0,6.0,2.0,2.0,59.0,13.7,5.7,1.7,4
15.0,15.0,5.0,4.0,1.0,48.2,12.7,5.4,2.0,22.0,12.0,5.0,2.0,3.0,56.6,12.4,6.6,1.6,3
24.0,12.0,6.0,1.0,3.0,55.1,13.4,6.7,1.4,12.0,12.0,2.0,4.0,4.0,45.7,12.3,5.4,2.4,3
23.0,14.0,5.0,2.0,3.0,55.8,13.4,6.9,1.4,18.0,14.0,5.0,5.0,0.0,45.0,15.4,6.2,1.2,2
23.0,16.0,5.0,3.0,2.0,56.7,13.0,6.7,1.8,21.0,14.0,6.0,3.0,1.0,51.8,15.1,6.5,0.9,4
20.0,19.0,4.0,4.0,2.0,55.1,12.5,6.1,1.7,11.0,13.0,4.0,4.0,2.0,49.6,13.1,4.8,1.6,3
20.0,18.0,4.0,4.0,2.0,57.08,12.6,6.0,2.5,17.0,15.0,5.0,4.0,1.0,45.9,13.4,5.3,1.4,3
21.0,14.0,5.0,3.0,2.0,58.42,12.5,6.0,2.7,24.0,16.0,6.0,2.0,2.0,52.44,16.0,5.6,1.3,4
19.0,11.0,5.0,3.0,2.0,60.18,11.7,6.1,3.0,11.0,13.0,3.0,4.0,3.0,54.86,14.5,6.2,2.5,2
19.0,10.0,5.0,2.0,3.0,60.45,12.3,6.0,3.3,25.0,17.0,6.0,3.0,1.0,58.72,9.8,5.5,1.7,2
18.0,11.0,4.0,3.0,3.0,58.55,12.5,5.7,3.3,13.0,15.0,4.0,4.0,2.0,48.14,19.1,4.1,0.7,4
16.0,18.0,4.0,3.0,3.0,48.64,11.7,4.6,1.5,25.0,8.0,6.0,1.0,3.0,57.4,12.1,4.6,3.4,2
20.0,9.0,5.0,1.0,4.0,55.6,12.6,4.4,3.3,17.0,26.0,4.0,6.0,0.0,44.21,12.8,3.7,1.4,2
21.0,7.0,6.0,1.0,3.0,55.94,12.4,4.9,3.5,18.0,22.0,2.0,5.0,3.0,52.17,14.7,3.9,1.5,3
21.0,8.0,6.0,1.0,3.0,57.24,13.0,5.7,3.8,23.0,10.0,6.0,3.0,1.0,65.33,8.9,7.6,1.6,3
25.0,7.0,8.0,0.0,2.0,58.08,12.6,6.1,3.5,12.0,12.0,4.0,2.0,4.0,50.65,14.4,4.5,2.6,2
22.0,6.0,7.0,0.0,3.0,58.83,13.2,6.8,3.3,8.0,14.0,2.0,4.0,4.0,54.03,14.2,3.8,1.5,3
21.0,8.0,7.0,1.0,2.0,59.65,13.0,7.1,3.4,14.0,12.0,4.0,3.0,3.0,47.18,14.4,5.3,2.4,4
23.0,9.0,7.0,1.0,2.0,59.34,13.3,6.9,3.3,21.0,11.0,7.0,0.0,3.0,51.13,12.8,5.8,2.0,4
24.0,9.0,7.0,1.0,2.0,58.47,12.5,6.7,2.4,11.0,14.0,4.0,3.0,3.0,58.75,12.9,4.0,1.1,4
26.0,9.0,8.0,1.0,1.0,57.66,12.3,6.5,1.9,23.0,12.0,7.0,1.0,2.0,50.65,14.0,6.9,1.9,2
23.0,11.0,7.0,2.0,1.0,57.47,12.9,6.1,1.9,20.0,12.0,5.0,3.0,2.0,58.9,9.3,5.7,2.3,2
23.0,10.0,7.0,2.0,1.0,56.56,12.7,5.8,2.3,11.0,17.0,2.0,3.0,5.0,51.17,13.3,4.7,2.1,2
23.0,9.0,7.0,2.0,1.0,56.18,12.3,6.0,2.4,16.0,14.0,5.0,5.0,0.0,42.1,12.9,5.8,2.1,2
24.0,8.0,8.0,2.0,0.0,56.93,11.9,6.6,2.6,22.0,9.0,7.0,1.0,2.0,53.82,12.6,6.1,1.5,3
22.0,9.0,8.0,2.0,0.0,55.88,12.2,5.9,2.4,22.0,18.0,6.0,3.0,1.0,53.91,17.1,4.8,1.9,2
24.0,6.0,9.0,1.0,0.0,55.29,12.2,5.6,2.7,22.0,10.0,6.0,2.0,2.0,55.82,12.4,6.5,1.6,0
20.0,5.0,8.0,1.0,1.0,53.86,12.0,5.4,2.6,20.0,15.0,5.0,4.0,1.0,53.87,9.9,4.3,1.5,1
18.0,4.0,7.0,2.0,1.0,56.27,13.4,6.2,3.8,13.0,14.0,4.0,4.0,2.0,49.11,14.1,4.0,2.6,2
17.0,5.0,6.0,2.0,2.0,56.13,13.4,5.7,3.4,17.0,15.0,4.0,4.0,2.0,51.73,15.1,3.9,2.4,3
16.0,15.0,6.0,4.0,0.0,53.31,13.4,5.0,2.3,18.0,5.0,6.0,2.0,2.0,55.48,13.6,5.5,3.6,4
18.0,7.0,6.0,2.0,2.0,54.0,13.8,5.0,3.0,7.0,22.0,0.0,5.0,5.0,42.09,13.7,4.1,1.6,1
16.0,7.0,5.0,3.0,2.0,56.1,13.7,5.7,3.4,13.0,15.0,2.0,3.0,5.0,52.34,16.4,4.8,2.2,4
16.0,9.0,4.0,3.0,3.0,58.4,14.5,6.1,2.9,20.0,14.0,7.0,2.0,1.0,52.0,9.8,4.9,2.4,3
18.0,10.0,5.0,3.0,2.0,58.1,14.9,5.8,3.1,12.0,11.0,3.0,2.0,5.0,48.7,13.6,3.9,2.4,4
21.0,10.0,6.0,2.0,2.0,57.5,14.6,5.7,2.5,23.0,13.0,7.0,3.0,0.0,51.7,14.5,4.9,1.3,1
20.0,9.0,6.0,2.0,2.0,56.4,14.9,5.9,2.0,18.0,22.0,1.0,5.0,4.0,51.6,15.5,2.9,1.5,4
20.0,10.0,6.0,2.0,2.0,56.9,14.2,5.8,1.8,19.0,18.0,3.0,5.0,2.0,40.0,15.3,3.4,1.3,2
20.0,10.0,6.0,2.0,2.0,58.2,14.2,5.5,1.9,13.0,11.0,4.0,4.0,2.0,45.7,12.2,3.6,2.3,3
19.0,11.0,6.0,2.0,2.0,59.5,14.7,5.6,1.5,13.0,13.0,4.0,4.0,2.0,53.6,13.2,5.1,2.4,3